<?xml version="1.0"?>
<opencv_storage>
<task_selection_method>greedy_completion_reward</task_selection_method>
<reward>
  9.9944306352138519e+03 9.9800129120349884e+03 9.9563300461769104e+03
  9.9375297839641571e+03 9.9288299801349640e+03 9.8985304021835327e+03</reward>
<time>1.0146959781646729e+02</time>
</opencv_storage>
