<?xml version="1.0"?>
<opencv_storage>
<reward>
  9.9601599999999999e+03 9.9351620000000003e+03 9.9261610000000001e+03
  9.9151610000000001e+03 9.8841599999999999e+03 9.8681610000000001e+03
  9.8611610000000001e+03</reward>
<time>
  3.9840000000000003e+01 6.4837999999999994e+01 7.3838999999999999e+01
  8.4838999999999999e+01 1.1584000000000000e+02 1.3183900000000000e+02
  1.3883900000000000e+02</time>
</opencv_storage>
