<?xml version="1.0"?>
<opencv_storage>
<task_selection_method>greedy_completion_reward</task_selection_method>
<reward>
  9.9980104243755341e+03 9.9888107283115387e+03</reward>
<time>1.1189271688461304e+01</time>
</opencv_storage>
