<?xml version="1.0"?>
<opencv_storage>
<task_selection_method>greedy_completion_reward</task_selection_method>
<param>34</param>
<num_agents>1</num_agents>
<num_nodes>100</num_nodes>
<reward>
  1.8421832156181335e+02 1.7661673402786255e+02 1.7181566882133484e+02
  1.6470100808143616e+02 1.5389537739753723e+02 1.2649503898620605e+02</reward>
<time>
  1.5781678438186646e+01 2.3383265972137451e+01 2.8184331178665161e+01
  3.5298991918563843e+01 4.6104622602462769e+01 7.3504961013793945e+01</time>
<cumulative_reward>9.7774214887619019e+02</cumulative_reward>
</opencv_storage>
