<?xml version="1.0"?>
<opencv_storage>
<task_selection_method>greedy_completion_reward</task_selection_method>
<reward>
  9.9971565756797791e+03 9.9971565756797791e+03 9.9921581952571869e+03
  9.9861593272686005e+03 9.9841596732139587e+03 9.9721598942279816e+03
  9.9701587510108948e+03 9.9531590867042542e+03 9.9521588587760925e+03
  9.9421548879146576e+03 9.9241562445163727e+03</reward>
<time>
  2.8434243202209473e+00 2.8434243202209473e+00 7.8418047428131104e+00
  1.3840672731399536e+01 1.5840326786041260e+01 2.7840105772018433e+01
  2.9841248989105225e+01 4.6840913295745850e+01 4.7841141223907471e+01
  5.7845112085342407e+01 7.5843755483627319e+01</time>
</opencv_storage>
