<?xml version="1.0"?>
<opencv_storage>
<task_selection_method>greedy_completion_reward</task_selection_method>
<reward>
  9.9971380815505981e+03 9.9915381662845612e+03 9.9899083378314972e+03
  9.9824080820083618e+03 9.9764082708358765e+03 9.9755384635925293e+03
  9.9662381901741028e+03 9.9652086327075958e+03 9.9635382242202759e+03
  9.9558388185501099e+03 9.9482381477355957e+03 9.9303082520961761e+03</reward>
<time>6.9691747903823853e+01</time>
</opencv_storage>
