<?xml version="1.0"?>
<opencv_storage>
<task_selection_method>greedy_completion_reward</task_selection_method>
<reward>
  9.9920100331306458e+03 9.9790109114646912e+03 9.9470022928714752e+03</reward>
<time>
  7.9899668693542480e+00 2.0989088535308838e+01 5.2997707128524780e+01</time>
</opencv_storage>
