<?xml version="1.0"?>
<opencv_storage>
<task_selection_method>greedy_completion_reward</task_selection_method>
<param>34</param>
<num_agents>5</num_agents>
<num_nodes>100</num_nodes>
<reward>
  4.6400842286742972e+02 4.5447390436012961e+02 4.5352312290413334e+02
  4.7865668214650549e+02 4.4934205925662582e+02 4.3191835853185478e+02
  4.2474019398505425e+02 4.0391643615218436e+02 4.0272504043460521e+02
  3.9364353240369587e+02 3.8477311116062805e+02 3.9316348941920728e+02
  4.0872896297436068e+02 3.2618752007533664e+02 3.7772618452147947e+02
  3.7811828879429794e+02 2.7810511272219867e+02 3.6604313116560047e+02
  2.4310180347853748e+02 2.6996243448687352e+02 2.7352523987393835e+02
  3.7537943012461864e+02 2.7234249733194878e+02 2.3044491874350030e+02
  3.2293555059991684e+02 2.5295638267899409e+02 3.3432811557023837e+02
  2.4601724915485727e+02 2.0267022165530881e+02 2.3502550671936410e+02</reward>
<time>
  4.9355616569519043e+00 6.7256615161895752e+00 9.5061938762664795e+00
  1.5107905626296997e+01 2.1305139780044556e+01 2.5797719955444336e+01
  2.8306766033172607e+01 3.3505871772766113e+01 3.5907514572143555e+01
  3.7198277473449707e+01 3.7505703449249268e+01 3.8108809232711792e+01
  3.8108809232711792e+01 3.8505403041839600e+01 4.2105305910110474e+01
  4.6905227422714233e+01 4.7525512456893921e+01 4.8507334232330322e+01
  4.8708017110824585e+01 5.3308002710342407e+01 5.3906323194503784e+01
  5.4109146833419800e+01 5.4906452894210815e+01 5.5328182220458984e+01
  5.6907920360565186e+01 5.6907920360565186e+01 5.7704643011093140e+01
  5.7794952869415283e+01 5.8108030557632446e+01 5.9906159877777100e+01</time>
<cumulative_reward>1.0528482904293427e+04</cumulative_reward>
</opencv_storage>
