<?xml version="1.0"?>
<opencv_storage>
<task_selection_method>greedy_completion_reward</task_selection_method>
<reward>
  9.9941675679683685e+03 9.9941675679683685e+03 9.9921650664806366e+03
  9.9911671698093414e+03 9.9911671698093414e+03 9.9911671698093414e+03
  9.9881670918464661e+03 9.9881670918464661e+03 9.9871669991016388e+03
  9.9841682262420654e+03 9.9831679589748383e+03 9.9811654369831085e+03
  9.9761688992977142e+03 9.9761688992977142e+03 9.9711695396900177e+03
  9.9701654164791107e+03 9.9671687715053558e+03 9.9651676850318909e+03
  9.9641654069423676e+03 9.9621654226779938e+03 9.9621654226779938e+03
  9.9571690402030945e+03</reward>
<time>
  5.8324320316314697e+00 5.8324320316314697e+00 7.8349335193634033e+00
  8.8328301906585693e+00 8.8328301906585693e+00 8.8328301906585693e+00
  1.1832908153533936e+01 1.1832908153533936e+01 1.2833000898361206e+01
  1.5831773757934570e+01 1.6832041025161743e+01 1.8834563016891479e+01
  2.3831100702285767e+01 2.3831100702285767e+01 2.8830460309982300e+01
  2.9834583520889282e+01 3.2831228494644165e+01 3.4832314968109131e+01
  3.5834593057632446e+01 3.7834577322006226e+01 3.7834577322006226e+01
  4.2830959796905518e+01</time>
</opencv_storage>
