<?xml version="1.0"?>
<opencv_storage>
<task_selection_method>mcts_task_by_completion_reward_gradient</task_selection_method>
<reward>
  9.9979592080116272e+03 9.9890034620761871e+03 9.9890031869411469e+03
  9.9859835610389709e+03 9.9829735307693481e+03 9.9820032637119293e+03
  9.9810037474632263e+03 9.9780033519268036e+03 9.9739735808372498e+03
  9.9650038120746613e+03 9.9629525637626648e+03 9.9530032558441162e+03
  9.9520034537315369e+03 9.9080031762123108e+03</reward>
<time>
  2.0407919883728027e+00 1.0996537923812866e+01 1.0996813058853149e+01
  1.4016438961029053e+01 1.7026469230651855e+01 1.7996736288070679e+01
  1.8996252536773682e+01 2.1996648073196411e+01 2.6026419162750244e+01
  3.4996187925338745e+01 3.7047436237335205e+01 4.6996744155883789e+01
  4.7996546268463135e+01 9.1996823787689209e+01</time>
</opencv_storage>
