<?xml version="1.0"?>
<opencv_storage>
<task_selection_method>greedy_completion_reward</task_selection_method>
<reward>
  9.9979963681697845e+03 9.9939999618530273e+03 9.9929958014488220e+03
  9.9879973096847534e+03 9.9849969441890717e+03 9.9849969441890717e+03
  9.9849969441890717e+03 9.9769985871315002e+03 9.9769985871315002e+03
  9.9719985270500183e+03 9.9689970989227295e+03 9.9669975128173828e+03
  9.9639975891113281e+03 9.9340003798007965e+03 9.9320000154972076e+03
  9.9279981994628906e+03</reward>
<time>
  2.0036318302154541e+00 6.0000381469726562e+00 7.0041985511779785e+00
  1.2002690315246582e+01 1.5003055810928345e+01 1.5003055810928345e+01
  1.5003055810928345e+01 2.3001412868499756e+01 2.3001412868499756e+01
  2.8001472949981689e+01 3.1002901077270508e+01 3.3002487182617188e+01
  3.6002410888671875e+01 6.5999620199203491e+01 6.7999984502792358e+01
  7.2001800537109375e+01</time>
</opencv_storage>
