<?xml version="1.0"?>
<opencv_storage>
<task_selection_method>greedy_completion_reward</task_selection_method>
<param>34</param>
<num_agents>1</num_agents>
<num_nodes>100</num_nodes>
<reward>
  0. 4.6719744143949686e+02 4.5799440418638090e+02
  4.3066776780055091e+02 4.4050393833551391e+02 4.2820356269636108e+02
  3.9156148102205123e+02 3.9109394321632635e+02 3.5275549598514323e+02
  0. 3.1509427509649362e+02 3.9095405609192602e+02
  3.8605038693409921e+02 0. 3.8477311116062805e+02 0. 0.
  2.2801599304134260e+02 3.6524324519110166e+02 3.4402389199514624e+02
  3.6351691746041962e+02 0. 3.5587948320088992e+02
  3.5049502843849757e+02 3.2509820150110517e+02 3.2452921985104831e+02
  3.2068228388401974e+02 0. 0. 0.</reward>
<time>
  2.3886426558494568e+03 2.4482142896652222e+03 2.4710122022628784e+03
  2.4958133554458618e+03 2.4990102767944336e+03 2.5024094741344452e+03
  2.5334013085365295e+03 2.5422040376663208e+03 2.5566128869056702e+03
  2.5610127735137939e+03 2.5694091672897339e+03 2.5742026071548462e+03
  2.6395920100212097e+03 2.6513906238079071e+03 2.7090013480186462e+03
  2.7152330694198608e+03 2.7421949870586395e+03 2.7455938701629639e+03
  2.7487919604778290e+03 2.8171930325031281e+03 2.8497993848323822e+03
  3.1406094114780426e+03 3.1456252422332764e+03 3.1729905586242676e+03
  3.4491853246688843e+03 3.5395976214408875e+03 3.7076483304500580e+03
  7.0336258342266083e+03 7.3370007133483887e+03 8.0639981834888458e+03</time>
<cumulative_reward>7.8143341285285424e+03</cumulative_reward>
</opencv_storage>
