<?xml version="1.0"?>
<opencv_storage>
<task_selection_method>mcts_task_by_completion_reward_gradient</task_selection_method>
<param>2</param>
<num_agents>7</num_agents>
<num_nodes>100</num_nodes>
<reward>
  4.7134015664400118e+02 4.9437035800870615e+02 1.4919056010919226e+02
  3.6939406915234883e+02 3.7556086268018771e+02 3.6656935844993575e+02
  2.9457131309571872e+02 2.6881048197383467e+02 4.8070975613126745e+02
  3.6859314321147576e+02 3.3753577588340823e+02 1.9385047511066315e+02
  3.4015833982124366e+02 2.7003514451669065e+02 3.5197097951075176e+02
  3.7209160225281607e+02 4.7957488562361516e+02 2.6625336950416221e+02
  1.9025604424821745e+02 3.7303850191999180e+02 2.7629170338314464e+02
  2.7566121008748587e+02 3.1928844492880546e+02 2.8448865560328227e+02
  2.5989222579323274e+02 4.6420557082643325e+02 2.4950700685365769e+02
  3.2295638750837458e+02 3.5679705772556531e+02 2.6418370265335619e+02
  2.2005321923638692e+02 2.1206505466954241e+02 3.4988989842325117e+02
  3.1285077558889748e+02 2.2175424900412230e+02 3.5324066615192442e+02
  2.2972737220074978e+02 2.5950849068089724e+02 3.0192076513938235e+02
  2.4917475314636249e+02 1.6645737661594620e+02</reward>
<time>
  4.6002271175384521e+00 4.8007507324218750e+00 5.2001612186431885e+00
  6.2001879215240479e+00 6.4002592563629150e+00 7.6004714965820312e+00
  8.6705420017242432e+00 1.1200799226760864e+01 1.3400120973587036e+01
  1.4003776550292969e+01 1.4400488853454590e+01 1.4999759197235107e+01
  1.7999943733215332e+01 1.8599762201309204e+01 1.8820745706558228e+01
  2.0800541639328003e+01 2.1291212081909180e+01 2.2200262784957886e+01
  2.3199716567993164e+01 2.5670535326004028e+01 2.5800070285797119e+01
  2.7832117319107056e+01 2.8670684099197388e+01 3.0890640497207642e+01
  3.2031314134597778e+01 3.7251037836074829e+01 3.8600682020187378e+01
  3.8681640625000000e+01 3.9670638799667358e+01 3.9690974950790405e+01
  4.0881222724914551e+01 4.1070221662521362e+01 4.4600760936737061e+01
  4.4651171684265137e+01 4.9799736976623535e+01 5.2200670242309570e+01
  5.2800385951995850e+01 5.8200692653656006e+01 5.8291688919067383e+01
  5.8402532577514648e+01 5.9605107545852661e+01</time>
<cumulative_reward>1.2763789764069028e+04</cumulative_reward>
</opencv_storage>
