<?xml version="1.0"?>
<opencv_storage>
<task_selection_method>mcts_task_by_completion_reward_gradient</task_selection_method>
<param>34</param>
<map_name>osu_field</map_name>
<num_agents>3</num_agents>
<num_nodes>100</num_nodes>
<reward>
  4.3407735042610864e+02 4.1791601528275896e+02 4.1865114694537846e+02
  3.9095405609192602e+02 4.7631850471749669e+02 4.6253614333588843e+02
  4.5799440418638090e+02 4.5352312290413334e+02 4.0391643615218436e+02
  4.0385643781184518e+02 3.8477311116062805e+02 2.1004327231147687e+02
  0. 2.7352523987393835e+02 2.8793875857087687e+02
  2.5267549650272633e+02 2.3092661297741944e+02 3.7537120790119002e+02
  3.1949429200023764e+02 2.5834607573489052e+02 2.0125716174158768e+02
  3.9156148102205123e+02 2.2801599304134260e+02 2.1190145787846259e+02
  2.1537280853407310e+02 2.3487867751214719e+02 3.8884895126342758e+02</reward>
<time>
  1.1988860368728638e+01 4.1989514350891113e+01 4.5988299131393433e+01
  5.1000968694686890e+01 6.9998379468917847e+01 6.9998379468917847e+01
  1.2102109479904175e+02 1.3102235054969788e+02 1.3602198100090027e+02
  1.4801798653602600e+02 1.5702195763587952e+02 1.6102066516876221e+02
  1.6401788067817688e+02 1.7302120661735535e+02 1.7602263116836548e+02
  1.8202212524414062e+02 1.8702339100837708e+02 2.0302202892303467e+02
  2.1402120757102966e+02 2.2502170753479004e+02 2.4402187442779541e+02
  2.5502204132080078e+02 2.7502140617370605e+02 2.7902082705497742e+02
  2.9002104353904724e+02 2.9102215576171875e+02 3.0702050256729126e+02</time>
<cumulative_reward>8.7846742158805791e+03</cumulative_reward>
</opencv_storage>
