<?xml version="1.0"?>
<opencv_storage>
<task_selection_method>greedy_completion_reward</task_selection_method>
<param>34</param>
<num_agents>2</num_agents>
<num_nodes>100</num_nodes>
<reward>
  1.9986425042152405e+02 1.9984459209442139e+02 1.9929295039176941e+02
  1.9889356398582458e+02 1.9869399189949036e+02 1.9769264602661133e+02
  1.9767183303833008e+02 1.9649250936508179e+02 1.9569411730766296e+02
  1.9487357854843140e+02 1.9369581103324890e+02 1.9349359440803528e+02
  1.9307213139533997e+02 1.9247329092025757e+02 1.9183637285232544e+02
  1.9129278540611267e+02 1.9109223985671997e+02 1.9009396195411682e+02
  1.8969231653213501e+02 1.8929294848442078e+02 1.8907161903381348e+02
  1.8829674410820007e+02 1.8749399089813232e+02 1.8706599140167236e+02
  1.8624434375762939e+02 1.8549532604217529e+02 1.8289535808563232e+02
  1.8209379196166992e+02 1.7969304943084717e+02 1.7909344935417175e+02
  1.7847230935096741e+02 1.7769288611412048e+02 1.7689211916923523e+02
  1.7529693293571472e+02 1.7464205408096313e+02 1.7369400691986084e+02
  1.7309315991401672e+02 1.7304257822036743e+02 1.7267265653610229e+02
  1.7244240975379944e+02 1.7189368891716003e+02 1.7169251370429993e+02
  1.7147234821319580e+02 1.6909509873390198e+02 1.6889522862434387e+02
  1.6769297194480896e+02 1.6744344687461853e+02 1.6609797334671021e+02
  1.6549412751197815e+02</reward>
<time>
  1.3574957847595215e-01 1.5540790557861328e-01 7.0704960823059082e-01
  1.1064360141754150e+00 1.3060081005096436e+00 2.3073539733886719e+00
  2.3281669616699219e+00 3.5074906349182129e+00 4.3058826923370361e+00
  5.1264214515686035e+00 6.3041889667510986e+00 6.5064055919647217e+00
  6.9278686046600342e+00 7.5267090797424316e+00 8.1636271476745605e+00
  8.7072145938873291e+00 8.9077601432800293e+00 9.9060380458831787e+00
  1.0307683467864990e+01 1.0707051515579224e+01 1.0928380966186523e+01
  1.1703255891799927e+01 1.2506009101867676e+01 1.2934008598327637e+01
  1.3755656242370605e+01 1.4504673957824707e+01 1.7104641914367676e+01
  1.7906208038330078e+01 2.0306950569152832e+01 2.0906550645828247e+01
  2.1527690649032593e+01 2.2307113885879517e+01 2.3107880830764771e+01
  2.4703067064285278e+01 2.5357945919036865e+01 2.6305993080139160e+01
  2.6906840085983276e+01 2.6957421779632568e+01 2.7327343463897705e+01
  2.7557590246200562e+01 2.8106311082839966e+01 2.8307486295700073e+01
  2.8527651786804199e+01 3.0904901266098022e+01 3.1104771375656128e+01
  3.2307028055191040e+01 3.2556553125381470e+01 3.3902026653289795e+01
  3.4505872488021851e+01</time>
<cumulative_reward>9.0102116608619690e+03</cumulative_reward>
</opencv_storage>
