<?xml version="1.0"?>
<opencv_storage>
<task_selection_method>mcts_task_by_completion_reward_gradient</task_selection_method>
<reward>
  9.9980021800994873e+03 9.9979914391040802e+03 9.9979719645977020e+03
  9.9929848124980927e+03 9.9899742145538330e+03 9.9880046505928040e+03
  9.9850045208930969e+03 9.9839840812683105e+03 9.9820022385120392e+03
  9.9788052968978882e+03 9.9760048561096191e+03 9.9719535703659058e+03
  9.9699704508781433e+03 9.9630047678947449e+03 9.9620060584545135e+03
  9.9519952406883240e+03 9.9369743096828461e+03 9.9310049347877502e+03</reward>
<time>
  1.9978199005126953e+00 2.0085608959197998e+00 2.0280354022979736e+00
  7.0151875019073486e+00 1.0025785446166992e+01 1.1995349407196045e+01
  1.4995479106903076e+01 1.6015918731689453e+01 1.7997761487960815e+01
  2.1194703102111816e+01 2.3995143890380859e+01 2.8046429634094238e+01
  3.0029549121856689e+01 3.6995232105255127e+01 3.7993941545486450e+01
  4.8004759311676025e+01 6.3025690317153931e+01 6.8995065212249756e+01</time>
</opencv_storage>
