<?xml version="1.0"?>
<opencv_storage>
<task_selection_method>greedy_completion_reward</task_selection_method>
<reward>
  9.9979966862201691e+03 9.9979966862201691e+03 9.9959998099803925e+03
  9.9930017662048340e+03 9.9919991862773895e+03 9.9880011100769043e+03
  9.9859971625804901e+03 9.9850022859573364e+03 9.9770012524127960e+03
  9.9730019042491913e+03 9.9690023462772369e+03 9.9620016131401062e+03
  9.9599995374679565e+03 9.9520009212493896e+03 9.9510007231235504e+03
  9.9479989430904388e+03 9.9340023133754730e+03 9.9269985828399658e+03</reward>
<time>
  2.0033137798309326e+00 2.0033137798309326e+00 4.0001900196075439e+00
  6.9982337951660156e+00 8.0008137226104736e+00 1.1998889923095703e+01
  1.4002837419509888e+01 1.4997714042663574e+01 2.2998747587203979e+01
  2.6998095750808716e+01 3.0997653722763062e+01 3.7998386859893799e+01
  4.0000462532043457e+01 4.7999078750610352e+01 4.8999276876449585e+01
  5.2001056909561157e+01 6.5997686624526978e+01 7.3001417160034180e+01</time>
</opencv_storage>
