<?xml version="1.0"?>
<opencv_storage>
<task_selection_method>mcts_task_by_completion_reward_gradient</task_selection_method>
<param>4</param>
<num_agents>2</num_agents>
<num_nodes>100</num_nodes>
<reward>
  2.6573802049042905e+02 1.2294220876644685e+02 2.5757399098377050e+02
  2.9038559724047047e+02 2.5393525645295537e+02 3.5780671713479148e+02
  3.5840738747042258e+02 2.0040216930332647e+02 3.7813753719773746e+02
  2.6404541527041675e+02</reward>
<time>
  1.2623619318008423e+01 1.5793980598449707e+01 2.6624214887619019e+01
  2.6993085145950317e+01 3.0803397893905640e+01 3.6193103075027466e+01
  4.3804247617721558e+01 4.7393276214599609e+01 5.6392950534820557e+01
  5.9202649116516113e+01</time>
<cumulative_reward>2.7493743003107670e+03</cumulative_reward>
</opencv_storage>
