<?xml version="1.0"?>
<opencv_storage>
<task_selection_method>mcts_task_by_completion_reward_gradient</task_selection_method>
<param>5</param>
<num_agents>5</num_agents>
<num_nodes>100</num_nodes>
<reward>
  1.7721201633841847e+02 2.2875268387064253e+02 2.4433433209077268e+02
  2.4484463167424516e+02 1.6861979237929731e+02 2.3470623298629465e+02
  3.3562996308313177e+02 2.3980270379975573e+02 2.3161156608846136e+02
  1.3763596129442030e+02 2.2858562157434008e+02 2.5290226071013845e+02
  2.3800745182083071e+02 2.4148854505293366e+02 1.7527638824924406e+02
  2.5111810090787128e+02 2.8466329263231023e+02 2.9991333224764099e+02
  2.5071555418450686e+02 1.5329777429585775e+02 2.3576869531435864e+02
  2.2472692441328141e+02 2.0089451884427172e+02 2.3582871431091274e+02
  2.5552427048329321e+02 1.5903533996107669e+02 1.4304820193470579e+02
  1.3909484980002006e+02 2.9564153059529042e+02</reward>
<time>
  4.1575193405151367e-01 4.3661928176879883e-01 2.5942223072052002e+00
  7.3952090740203857e+00 9.1955354213714600e+00 9.5948588848114014e+00
  1.4265449762344360e+01 1.6225628852844238e+01 2.0003489732742310e+01
  2.6235202312469482e+01 2.6435186624526978e+01 2.7194451808929443e+01
  3.0803281545639038e+01 3.1394558191299438e+01 3.2193530559539795e+01
  3.5594256162643433e+01 3.6192867517471313e+01 3.9665062665939331e+01
  4.0794320821762085e+01 4.2626046180725098e+01 4.3015739440917969e+01
  4.7435734987258911e+01 4.8595072746276855e+01 4.8665746927261353e+01
  5.1873921632766724e+01 5.2793459892272949e+01 5.3833760261535645e+01
  5.8995856523513794e+01 5.9211911439895630e+01</time>
<cumulative_reward>6.5086812509383244e+03</cumulative_reward>
</opencv_storage>
