<?xml version="1.0"?>
<opencv_storage>
<task_selection_method>greedy_completion_reward</task_selection_method>
<param>5</param>
<num_agents>2</num_agents>
<num_nodes>100</num_nodes>
<reward>
  2.2875300861369303e+02 1.6861979237929731e+02 1.4049504572988965e+02
  3.3665898002740266e+02 2.5552427048329321e+02 2.5483138090085697e+02
  2.5447460791446687e+02 1.3763596129442030e+02</reward>
<time>
  3.9553689956665039e-01 7.9984159469604492e+00 2.2651870012283325e+01
  3.1259447097778320e+01 4.7009971618652344e+01 4.9601157426834106e+01
  5.7258562088012695e+01 5.8858844995498657e+01</time>
<cumulative_reward>1.7769930473433199e+03</cumulative_reward>
</opencv_storage>
