<?xml version="1.0"?>
<opencv_storage>
<task_selection_method>greedy_completion_reward</task_selection_method>
<reward>
  9.9980008900165558e+03 9.9950002081394196e+03 9.9939996297359467e+03
  9.9910006754398346e+03 9.9890007433891296e+03 9.9890007433891296e+03
  9.9859994118213654e+03 9.9859994118213654e+03 9.9840013570785522e+03
  9.9830011236667633e+03 9.9810012698173523e+03 9.9749992654323578e+03
  9.9670009419918060e+03 9.9639974074363708e+03 9.9629986417293549e+03</reward>
<time>
  1.9991099834442139e+00 4.9997918605804443e+00 6.0003702640533447e+00
  8.9993245601654053e+00 1.0999256610870361e+01 1.0999256610870361e+01
  1.4000588178634644e+01 1.4000588178634644e+01 1.5998642921447754e+01
  1.6998876333236694e+01 1.8998730182647705e+01 2.5000734567642212e+01
  3.2999058008193970e+01 3.6002592563629150e+01 3.7001358270645142e+01</time>
</opencv_storage>
