<?xml version="1.0"?>
<opencv_storage>
<task_selection_method>mcts_task_by_completion_reward_gradient</task_selection_method>
<param>93</param>
<num_agents>5</num_agents>
<num_nodes>100</num_nodes>
<reward>
  2.7970766993493169e+02 3.1805298734710397e+02 3.1878465235583928e+02
  3.1883146176563866e+02 3.1793703967314133e+02 3.1627424399528309e+02
  3.0867150504056997e+02 3.0934048939711892e+02 2.7652062339896202e+02
  3.1395721027963430e+02 3.0932677880781472e+02 3.1711096543833219e+02
  2.8015901925991000e+02 3.1743387765340304e+02 3.1009608949805823e+02
  3.0854946910793683e+02 3.1106236529319318e+02 3.0778930287171852e+02
  2.9177041818487317e+02 2.9356232303811817e+02 3.0584412802033870e+02
  3.0932913472298969e+02 2.9905642939493987e+02 2.7099538122151171e+02
  3.0555909081913120e+02 3.1142662040107137e+02 3.1296111834428888e+02
  3.0536843439430584e+02 2.8692846687810055e+02 3.0677384866105888e+02
  3.0655554803000831e+02 2.7638321547709859e+02 3.0758319957302052e+02
  2.8623128010961454e+02 3.1119251781706083e+02</reward>
<time>
  5.2553510665893555e-01 4.3033127784729004e+00 4.9139261245727539e+00
  7.1027634143829346e+00 1.3914713859558105e+01 1.6114205121994019e+01
  2.5103292942047119e+01 2.8513435363769531e+01 2.9943928956985474e+01
  3.2515092849731445e+01 3.2515092849731445e+01 3.5163336038589478e+01
  3.5313395261764526e+01 3.7713436603546143e+01 3.9913561582565308e+01
  4.0113413810729980e+01 4.2116118192672729e+01 4.2924093484878540e+01
  4.6103291749954224e+01 4.8113341569900513e+01 5.0303210973739624e+01
  5.0303210973739624e+01 5.0902522802352905e+01 5.2302545309066772e+01
  5.2322641849517822e+01 5.2577867507934570e+01 5.3772709369659424e+01
  5.5363584041595459e+01 5.5723388433456421e+01 5.6113946199417114e+01
  5.6772681951522827e+01 5.7334127426147461e+01 5.7733428955078125e+01
  5.8713411092758179e+01 5.8902297735214233e+01</time>
<cumulative_reward>1.0627126906206120e+04</cumulative_reward>
</opencv_storage>
