<?xml version="1.0"?>
<opencv_storage>
<task_selection_method>greedy_completion_reward</task_selection_method>
<param>81</param>
<num_agents>5</num_agents>
<num_nodes>100</num_nodes>
<reward>
  4.4409088953370633e+02 4.4131952810741717e+02 4.3270551362026310e+02
  4.3775927102932081e+02 4.2982351568499405e+02 4.2865338144270231e+02
  4.3264152580313765e+02 4.2948848150517057e+02 4.2478867456904334e+02
  4.2470736846251771e+02 4.2700865417577035e+02 4.2501104126514241e+02
  4.1676184820803383e+02 4.0538703140498558e+02 4.1830196074586382e+02
  4.1721772297641155e+02 3.8848963075230432e+02 4.1918689773683769e+02
  3.2671318243398724e+02 4.0723540978010175e+02 3.0975748153519163e+02
  4.0092798743869531e+02 4.0435061130292155e+02 3.2236292858218133e+02
  3.1930088561867086e+02 2.1667278936252495e+02 3.9196955971794387e+02</reward>
<time>
  4.7289223670959473e+00 8.5067493915557861e+00 1.4527681589126587e+01
  1.9107772827148438e+01 2.1328542709350586e+01 2.2115970373153687e+01
  2.2308439254760742e+01 2.6726571798324585e+01 2.9327051877975464e+01
  2.9908403396606445e+01 3.1506298780441284e+01 3.3105564355850220e+01
  3.6317894697189331e+01 3.8709119081497192e+01 4.1528107881546021e+01
  4.4129147291183472e+01 4.7955240964889526e+01 4.8509700059890747e+01
  5.0526359796524048e+01 5.3128644704818726e+01 5.5949510097503662e+01
  5.6705978631973267e+01 5.7105277538299561e+01 5.7116598844528198e+01
  5.7908570051193237e+01 5.8507724761962891e+01 5.9506972789764404e+01</time>
<cumulative_reward>1.0742633772795840e+04</cumulative_reward>
</opencv_storage>
