<?xml version="1.0"?>
<opencv_storage>
<task_selection_method>mcts_task_by_completion_reward_gradient</task_selection_method>
<param>81</param>
<num_agents>5</num_agents>
<num_nodes>100</num_nodes>
<reward>
  1.9967913031578064e+02 1.9966827321052551e+02 1.9965810227394104e+02
  1.9962811779975891e+02 1.9803584885597229e+02 1.9729549813270569e+02
  1.9668691682815552e+02 1.9649533104896545e+02 1.9603558611869812e+02
  1.9529645681381226e+02 1.9529645681381226e+02 1.9489521098136902e+02
  1.9449430251121521e+02 1.9369537472724915e+02 1.9306444787979126e+02
  1.9229625797271729e+02 1.9129538536071777e+02 1.9069648337364197e+02
  1.8868074560165405e+02 1.8709574794769287e+02 1.8569538784027100e+02
  1.8542613315582275e+02 1.8428663921356201e+02 1.8368560004234314e+02
  1.8249637746810913e+02 1.8229648876190186e+02 1.8127523136138916e+02
  1.8109658098220825e+02 1.7829534292221069e+02 1.7348499464988708e+02
  1.7329620242118835e+02 1.7182625269889832e+02 1.7109708285331726e+02
  1.7009554767608643e+02 1.6529619359970093e+02 1.6402527761459351e+02
  1.6349626946449280e+02 1.6169625377655029e+02 1.6163540482521057e+02
  1.6109442591667175e+02 1.5660641407966614e+02 1.5609692788124084e+02
  1.5581851291656494e+02 1.5369714736938477e+02 1.5080558681488037e+02
  1.4969702768325806e+02 1.4947272586822510e+02 1.4900694561004639e+02
  1.4709656143188477e+02 1.4641633987426758e+02 1.4582690930366516e+02
  1.4189673089981079e+02 1.4087103533744812e+02</reward>
<time>
  3.2086968421936035e-01 3.3172678947448730e-01 3.4189772605895996e-01
  3.7188220024108887e-01 1.9641511440277100e+00 2.7045018672943115e+00
  3.3130831718444824e+00 3.5046689510345459e+00 3.9644138813018799e+00
  4.7035431861877441e+00 4.7035431861877441e+00 5.1047890186309814e+00
  5.5056974887847900e+00 6.3046252727508545e+00 6.9355521202087402e+00
  7.7037420272827148e+00 8.7046146392822266e+00 9.3035166263580322e+00
  1.1319254398345947e+01 1.2904252052307129e+01 1.4304612159729004e+01
  1.4573866844177246e+01 1.5713360786437988e+01 1.6314399957656860e+01
  1.7503622531890869e+01 1.7703511238098145e+01 1.8724768638610840e+01
  1.8903419017791748e+01 2.1704657077789307e+01 2.6515005350112915e+01
  2.6703797578811646e+01 2.8173747301101685e+01 2.8902917146682739e+01
  2.9904452323913574e+01 3.4703806400299072e+01 3.5974722385406494e+01
  3.6503730535507202e+01 3.8303746223449707e+01 3.8364595174789429e+01
  3.8905574083328247e+01 4.3393585920333862e+01 4.3903072118759155e+01
  4.4181487083435059e+01 4.6302852630615234e+01 4.9194413185119629e+01
  5.0302972316741943e+01 5.0527274131774902e+01 5.0993054389953613e+01
  5.2903438568115234e+01 5.3583660125732422e+01 5.4173090696334839e+01
  5.8103269100189209e+01 5.9128964662551880e+01</time>
<cumulative_reward>9.3248962268829346e+03</cumulative_reward>
</opencv_storage>
