<?xml version="1.0"?>
<opencv_storage>
<task_selection_method>greedy_completion_reward</task_selection_method>
<reward>
  9.9970090606212616e+03 9.9928297522068024e+03</reward>
<time>7.1702477931976318e+00</time>
</opencv_storage>
