<?xml version="1.0"?>
<opencv_storage>
<task_selection_method>greedy_completion_reward</task_selection_method>
<reward>
  9.9959993312358856e+03 9.9940017733573914e+03 9.9930019695758820e+03
  9.9910020689964294e+03 9.9890019471645355e+03 9.9870012943744659e+03
  9.9850012495517731e+03 9.9850012495517731e+03 9.9810041637420654e+03
  9.9800003697872162e+03 9.9750050008296967e+03 9.9700011723041534e+03
  9.9679970133304596e+03 9.9640023193359375e+03 9.9610017678737640e+03
  9.9490010814666748e+03 9.9339983088970184e+03 9.9250026142597198e+03</reward>
<time>
  4.0006687641143799e+00 5.9982266426086426e+00 6.9980304241180420e+00
  8.9979310035705566e+00 1.0998052835464478e+01 1.2998705625534058e+01
  1.4998750448226929e+01 1.4998750448226929e+01 1.8995836257934570e+01
  1.9999630212783813e+01 2.4994999170303345e+01 2.9998827695846558e+01
  3.2002986669540405e+01 3.5997680664062500e+01 3.8998232126235962e+01
  5.0998918533325195e+01 6.6001691102981567e+01 7.4997385740280151e+01</time>
</opencv_storage>
