<?xml version="1.0"?>
<opencv_storage>
<task_selection_method>mcts_task_by_completion_reward_gradient</task_selection_method>
<param>1</param>
<num_agents>2</num_agents>
<num_nodes>100</num_nodes>
<reward>
  2.2203528587887595e+02 2.1083714130410925e+02 3.5962824205531314e+02
  1.9899424169837931e+02 3.6506091964851748e+02 3.7116031787055141e+02
  3.4779481703848978e+02 4.7241337748646720e+02 3.3865185745863425e+02
  3.7562526946727519e+02 2.1668750806424134e+02 3.6031102690669616e+02
  3.2800914257080171e+02</reward>
<time>
  7.5040206909179688e+00 8.0260035991668701e+00 1.2198564767837524e+01
  1.2711850881576538e+01 2.1600649833679199e+01 3.2499987840652466e+01
  3.6906752347946167e+01 5.8567996740341187e+01 6.7609700202941895e+01
  7.6800671100616455e+01 8.3902024030685425e+01 8.9060858964920044e+01
  1.0166587781906128e+02</time>
<cumulative_reward>4.1672091474483523e+03</cumulative_reward>
</opencv_storage>
