<?xml version="1.0"?>
<opencv_storage>
<task_selection_method>greedy_completion_reward</task_selection_method>
<param>34</param>
<num_agents>2</num_agents>
<num_nodes>50</num_nodes>
<reward>
  4.4050393833551391e+02 3.9331760323100752e+02 4.3407735042610864e+02
  4.2474019398505425e+02 4.2293963856070570e+02 3.9156148102205123e+02
  3.8145313068395018e+02 3.4670821974518731e+02 0.</reward>
<time>
  1.5105830430984497e+01 2.8503376483917236e+01 4.2640573978424072e+01
  4.7491364717483521e+01 7.0517450094223022e+01 8.2160771369934082e+01
  1.1048845052719116e+02 1.1418880653381348e+02 1.2029117298126221e+02</time>
<cumulative_reward>3.2353015559895789e+03</cumulative_reward>
</opencv_storage>
