<?xml version="1.0"?>
<opencv_storage>
<task_selection_method>greedy_completion_reward</task_selection_method>
<reward>
  9.9979995033740997e+03 9.9930023539066315e+03 9.9870014131069183e+03
  9.9710019130706787e+03 9.9540019652843475e+03 9.9430025563240051e+03
  9.9250019814968109e+03 9.9120047867298126e+03 9.8990024676322937e+03
  9.8870028853416443e+03 9.8670043728351593e+03</reward>
<time>
  2.0004966259002686e+00 6.9976460933685303e+00 1.2998586893081665e+01
  2.8998086929321289e+01 4.5998034715652466e+01 5.6997443675994873e+01
  7.4998018503189087e+01 8.7995213270187378e+01 1.0099753236770630e+02
  1.1299711465835571e+02 1.3299562716484070e+02</time>
</opencv_storage>
