<?xml version="1.0"?>
<opencv_storage>
<task_selection_method>mcts_task_by_completion_reward_gradient</task_selection_method>
<reward>
  9.9909602196216583e+03 9.9869811890125275e+03 9.9849598655700684e+03
  9.9779299116134644e+03 9.9769609503746033e+03 9.9759617669582367e+03
  9.9729808366298676e+03 9.9669319722652435e+03 9.9639800431728363e+03
  9.9610023858547211e+03 9.9569617843627930e+03 9.9529613356590271e+03
  9.9519834725856781e+03 9.9419595818519592e+03 9.9369300916194916e+03
  9.9319594895839691e+03</reward>
<time>
  9.0397803783416748e+00 1.3018810987472534e+01 1.5040134429931641e+01
  2.2070088386535645e+01 2.3039049625396729e+01 2.4038233041763306e+01
  2.7019163370132446e+01 3.3068027734756470e+01 3.6019956827163696e+01
  3.8997614145278931e+01 4.3038215637207031e+01 4.7038664340972900e+01
  4.8016527414321899e+01 5.8040418148040771e+01 6.3069908380508423e+01
  6.8040510416030884e+01</time>
</opencv_storage>
