<?xml version="1.0"?>
<opencv_storage>
<task_selection_method>mcts_task_by_completion_reward_gradient</task_selection_method>
<param>1</param>
<num_agents>3</num_agents>
<num_nodes>100</num_nodes>
<reward>
  1.9103877999744668e+02 2.0830497854029400e+02 3.1094854701299414e+02
  2.3048181716328844e+02 2.1756863646064886e+02 3.2791970221815870e+02
  2.2152105161601256e+02 2.4940520796430246e+02 2.1077806085432985e+02
  2.1195538994337349e+02</reward>
<time>
  3.7876200675964355e-01 9.8385238647460938e+00 3.7184691667556763e+01
  4.0041152715682983e+01 5.4794419050216675e+01 6.1299889326095581e+01
  6.8451019525527954e+01 8.3020866394042969e+01 8.9665443181991577e+01
  1.1774365639686584e+02</time>
<cumulative_reward>2.3799221717708492e+03</cumulative_reward>
</opencv_storage>
