<?xml version="1.0"?>
<opencv_storage>
<task_selection_method>greedy_completion_reward</task_selection_method>
<param>2</param>
<num_agents>3</num_agents>
<num_nodes>100</num_nodes>
<reward>
  3.5679705772556531e+02 4.7957488562361516e+02 2.7517448218968354e+02
  4.9437035800870615e+02 4.3758557118021668e+02 3.7312041807612968e+02
  1.8321462760062914e+02 4.6935993953609682e+02 4.7839161712892258e+02
  2.4233596729510737e+02 4.2197586349998431e+02 2.7003514451669065e+02
  1.4745249294763505e+02 3.7034458819240945e+02 0.</reward>
<time>
  7.1057922840118408e+00 1.3108449459075928e+01 1.3308919191360474e+01
  1.5788511276245117e+01 1.9985857486724854e+01 2.3908334016799927e+01
  3.3108638525009155e+01 3.7908303976058960e+01 4.0305877447128296e+01
  4.1305085659027100e+01 4.2706727743148804e+01 4.6140213966369629e+01
  5.4935935974121094e+01 5.8586821317672729e+01 6.0106040000915527e+01</time>
<cumulative_reward>4.9997330135213906e+03</cumulative_reward>
</opencv_storage>
