<?xml version="1.0"?>
<opencv_storage>
<task_selection_method>mcts_task_by_completion_reward_gradient</task_selection_method>
<reward>
  9.9979692358970642e+03 9.9979601325988770e+03 9.9909503626823425e+03
  9.9899699354171753e+03 9.9848403968811035e+03 9.9819693748950958e+03
  9.9819592165946960e+03 9.9799590163230896e+03 9.9798404040336609e+03
  9.9788394641876221e+03 9.9759701941013336e+03 9.9739605338573456e+03
  9.9708404748439789e+03 9.9678411514759064e+03 9.9590413544178009e+03
  9.9569691302776337e+03 9.9509601292610168e+03 9.9498412978649139e+03
  9.9469589483737946e+03 9.9388414812088013e+03 9.9289703850746155e+03
  9.9229700307846069e+03 9.9140410287380219e+03 9.9059593160152435e+03</reward>
<time>
  2.0307641029357910e+00 2.0398674011230469e+00 9.0496373176574707e+00
  1.0030064582824707e+01 1.5159603118896484e+01 1.8030625104904175e+01
  1.8040783405303955e+01 2.0040983676910400e+01 2.0159595966339111e+01
  2.1160535812377930e+01 2.4029805898666382e+01 2.6039466142654419e+01
  2.9159525156021118e+01 3.2158848524093628e+01 4.0958645582199097e+01
  4.3030869722366333e+01 4.9039870738983154e+01 5.0158702135086060e+01
  5.3041051626205444e+01 6.1158518791198730e+01 7.1029614925384521e+01
  7.7029969215393066e+01 8.5958971261978149e+01 9.4040683984756470e+01</time>
</opencv_storage>
