<?xml version="1.0"?>
<opencv_storage>
<task_selection_method>greedy_completion_reward</task_selection_method>
<reward>
  9.9970181515216827e+03 9.9927396037578583e+03 9.9816393761634827e+03</reward>
<time>1.8360623836517334e+01</time>
</opencv_storage>
