<?xml version="1.0"?>
<opencv_storage>
<task_selection_method>greedy_completion_reward</task_selection_method>
<reward>
  9.9951399731636047e+03 9.9921383888721466e+03 9.9921278431415558e+03
  9.9881280121803284e+03 9.9821433134078979e+03 9.9771333615779877e+03
  9.9711438627243042e+03 9.9671411719322205e+03 9.9661292941570282e+03
  9.9571398143768311e+03 9.9521394937038422e+03 9.9511285834312439e+03
  9.9491419851779938e+03 9.9391437551975250e+03 9.9391330766677856e+03
  9.9341285030841827e+03 9.9331378850936890e+03 9.9251390240192413e+03
  9.9131451709270477e+03</reward>
<time>
  4.8600268363952637e+00 7.8616111278533936e+00 7.8721568584442139e+00
  1.1871987819671631e+01 1.7856686592102051e+01 2.2866638422012329e+01
  2.8856137275695801e+01 3.2858828067779541e+01 3.3870705842971802e+01
  4.2860185623168945e+01 4.7860506296157837e+01 4.8871416568756104e+01
  5.0858014822006226e+01 6.0856244802474976e+01 6.0866923332214355e+01
  6.5871496915817261e+01 6.6862114906311035e+01 7.4860975980758667e+01
  8.6854829072952271e+01</time>
</opencv_storage>
