<?xml version="1.0"?>
<opencv_storage>
<task_selection_method>mcts_task_by_completion_reward_gradient</task_selection_method>
<param>5</param>
<num_agents>2</num_agents>
<num_nodes>100</num_nodes>
<reward>
  2.2875289645227707e+02 2.5222192841679822e+02 2.3732068462355369e+02
  3.1532064914848962e+02 2.0947809818854586e+02 2.3470623298629465e+02
  2.5334851557747265e+02 2.5493500908431309e+02 1.7590136099675752e+02
  3.3467045078312793e+02 2.2280120409589162e+02 2.5008570470977330e+02
  2.4283874128602372e+02</reward>
<time>
  4.0972614288330078e-01 3.9946596622467041e+00 1.6594377994537354e+01
  1.6795833587646484e+01 2.7605351448059082e+01 3.5604203701019287e+01
  3.6835714101791382e+01 4.0805178165435791e+01 4.1994416713714600e+01
  4.9434561729431152e+01 5.6435443878173828e+01 5.6994158267974854e+01
  5.9794048070907593e+01</time>
<cumulative_reward>3.2123814763493187e+03</cumulative_reward>
</opencv_storage>
