<?xml version="1.0"?>
<opencv_storage>
<task_selection_method>mcts_task_by_completion_reward_gradient</task_selection_method>
<reward>
  9.9979422624111176e+03 9.9908242409229279e+03 9.9860233974456787e+03
  9.9829722387790680e+03 9.9789402060508728e+03 9.9779734742641449e+03
  9.9739719984531403e+03 9.9738232684135437e+03 9.9638232579231262e+03
  9.9618242483139038e+03 9.9538233339786530e+03 9.9519729964733124e+03
  9.9498232517242432e+03 9.9428252403736115e+03 9.9358247668743134e+03
  9.9299721143245697e+03 9.9169722628593445e+03 9.8928241202831268e+03</reward>
<time>
  2.0577375888824463e+00 9.1757590770721436e+00 1.3976602554321289e+01
  1.7027761220932007e+01 2.1059793949127197e+01 2.2026525735855103e+01
  2.6028001546859741e+01 2.6176731586456299e+01 3.6176742076873779e+01
  3.8175751686096191e+01 4.6176666021347046e+01 4.8027003526687622e+01
  5.0176748275756836e+01 5.7174759626388550e+01 6.4175233125686646e+01
  7.0027885675430298e+01 8.3027737140655518e+01 1.0717587971687317e+02</time>
</opencv_storage>
