<?xml version="1.0"?>
<opencv_storage>
<reward>
  9.9663269999999993e+03 9.9603250000000007e+03</reward>
<time>
  3.3673000000000002e+01 3.9674999999999997e+01</time>
</opencv_storage>
