<?xml version="1.0"?>
<opencv_storage>
<reward>
  9.9739429999999993e+03 9.9509459999999999e+03 9.9379459999999999e+03</reward>
<time>
  2.6056999999999999e+01 4.9054000000000002e+01 6.2054000000000002e+01</time>
</opencv_storage>
