<?xml version="1.0"?>
<opencv_storage>
<task_selection_method>greedy_completion_reward</task_selection_method>
<reward>
  9.9979781782627106e+03 9.9905783882141113e+03 9.9864387805461884e+03</reward>
<time>1.3561219453811646e+01</time>
</opencv_storage>
