<?xml version="1.0"?>
<opencv_storage>
<task_selection_method>greedy_completion_reward</task_selection_method>
<reward>
  9.9980094304084778e+03 9.9980094304084778e+03 9.9980084011554718e+03
  9.9950048742294312e+03 9.9950048742294312e+03 9.9930052053928375e+03
  9.9900105876922607e+03 9.9900093510150909e+03 9.9870106253623962e+03
  9.9860084033012390e+03 9.9840096271038055e+03 9.9820107181072235e+03
  9.9810087914466858e+03 9.9680108349323273e+03 9.9640080354213715e+03
  9.9630060830116272e+03 9.9620081825256348e+03 9.9610049562454224e+03
  9.9600096859931946e+03 9.9570084164142609e+03 9.9560075209140778e+03
  9.9550084376335144e+03 9.9510052342414856e+03 9.9500053114891052e+03</reward>
<time>
  1.9905695915222168e+00 1.9905695915222168e+00 1.9915988445281982e+00
  4.9951257705688477e+00 4.9951257705688477e+00 6.9947946071624756e+00
  9.9894123077392578e+00 9.9906489849090576e+00 1.2989374637603760e+01
  1.3991596698760986e+01 1.5990372896194458e+01 1.7989281892776489e+01
  1.8991208553314209e+01 3.1989165067672729e+01 3.5991964578628540e+01
  3.6993916988372803e+01 3.7991817474365234e+01 3.8995043754577637e+01
  3.9990314006805420e+01 4.2991583585739136e+01 4.3992479085922241e+01
  4.4991562366485596e+01 4.8994765758514404e+01 4.9994688510894775e+01</time>
</opencv_storage>
