<?xml version="1.0"?>
<opencv_storage>
<reward>
  9.9396749999999993e+03 9.9256749999999993e+03 9.8806740000000009e+03
  9.8366749999999993e+03 9.8136749999999993e+03 9.7956749999999993e+03
  9.7586749999999993e+03 9.6946749999999993e+03 9.6416749999999993e+03
  9.6326749999999993e+03</reward>
<time>
  6.0325000000000003e+01 7.4325000000000003e+01 1.1932599999999999e+02
  1.6332499999999999e+02 1.8632499999999999e+02 2.0432499999999999e+02
  2.4132499999999999e+02 3.0532499999999999e+02 3.5832499999999999e+02
  3.6732499999999999e+02</time>
</opencv_storage>
