<?xml version="1.0"?>
<opencv_storage>
<task_selection_method>greedy_completion_reward</task_selection_method>
<reward>
  9.9979963986873627e+03 9.9939972152709961e+03 9.9909952650070190e+03
  9.9889980475902557e+03 9.9859959557056427e+03 9.9859959557056427e+03
  9.9839988291263580e+03 9.9809997086524963e+03 9.9649976727962494e+03
  9.9639965322017670e+03 9.9609968926906586e+03 9.9589987378120422e+03
  9.9569976201057434e+03 9.9529956252574921e+03 9.9489955339431763e+03</reward>
<time>
  2.0036013126373291e+00 6.0027847290039062e+00 9.0047349929809570e+00
  1.1001952409744263e+01 1.4004044294357300e+01 1.4004044294357300e+01
  1.6001170873641968e+01 1.9000291347503662e+01 3.5002327203750610e+01
  3.6003467798233032e+01 3.9003107309341431e+01 4.1001262187957764e+01
  4.3002379894256592e+01 4.7004374742507935e+01 5.1004466056823730e+01</time>
</opencv_storage>
