<?xml version="1.0"?>
<opencv_storage>
<task_selection_method>greedy_completion_reward</task_selection_method>
<param>61</param>
<num_agents>5</num_agents>
<num_nodes>100</num_nodes>
<reward>
  4.5019286351095252e+02 4.4972311688748152e+02 4.5068057992406631e+02
  4.5181993243767977e+02 4.2649272673408632e+02 4.1434282720900990e+02
  4.5019108619236556e+02 4.3221609832536194e+02 4.0759653626320136e+02
  3.9259093850120246e+02 4.0524101150946910e+02 3.8944310497519837e+02
  3.8831663045662435e+02 3.8167666216435902e+02 3.8191355565693925e+02
  3.7945720888239180e+02 3.6630588405047592e+02 3.7071097936480191e+02
  4.1996350605510179e+02 3.5099332087561504e+02 3.5054835870598401e+02
  3.6216732018953968e+02 3.6070759534289965e+02 3.4524895867411237e+02
  3.5981253961446430e+02 2.9989644649163699e+02 3.4647774107947390e+02
  3.0851814700306386e+02 3.4752676093276852e+02 2.8329557342703015e+02
  3.2157264995047990e+02 2.7772046132855883e+02 3.0222202920388185e+02
  2.8175413888514078e+02 2.6447580415849006e+02</reward>
<time>
  2.1065688133239746e+00 2.7046430110931396e+00 6.1262068748474121e+00
  7.1153810024261475e+00 8.1575529575347900e+00 9.5148026943206787e+00
  1.3303830623626709e+01 1.4303981065750122e+01 1.5155477762222290e+01
  1.7105184793472290e+01 1.8525956630706787e+01 2.5505075693130493e+01
  2.7507046937942505e+01 3.0504468917846680e+01 3.3305624723434448e+01
  3.3507216453552246e+01 3.8308633089065552e+01 3.9158911228179932e+01
  4.2328815460205078e+01 4.4106518983840942e+01 4.6156378746032715e+01
  4.6906970500946045e+01 4.7336263895034790e+01 4.9727127075195312e+01
  5.1786730051040649e+01 5.2786646842956543e+01 5.4505444526672363e+01
  5.6327253580093384e+01 5.7305657386779785e+01 5.7788766145706177e+01
  5.7905462503433228e+01 5.8355835914611816e+01 5.8706978321075439e+01
  5.9186255931854248e+01 5.9904240131378174e+01</time>
<cumulative_reward>1.2971813094963911e+04</cumulative_reward>
</opencv_storage>
