<?xml version="1.0"?>
<opencv_storage>
<task_selection_method>mcts_task_by_completion_reward_gradient</task_selection_method>
<param>3</param>
<num_agents>2</num_agents>
<num_nodes>100</num_nodes>
<reward>
  1.9420000648498535e+02 1.8920166540145874e+02 1.8157990407943726e+02
  1.8040050077438354e+02 1.7836943721771240e+02 1.7440105724334717e+02
  1.7360271286964417e+02 1.6880101227760315e+02 1.6600037431716919e+02
  1.5519927334785461e+02 1.4739894938468933e+02 1.3600003504753113e+02
  1.3399025273323059e+02 1.3119937682151794e+02 1.2720056581497192e+02
  1.2440071415901184e+02 1.2040062522888184e+02 1.0980002570152283e+02</reward>
<time>
  5.7999935150146484e+00 1.0798334598541260e+01 1.8420095920562744e+01
  1.9599499225616455e+01 2.1630562782287598e+01 2.5598942756652832e+01
  2.6397287130355835e+01 3.1198987722396851e+01 3.3999625682830811e+01
  4.4800726652145386e+01 5.2601050615310669e+01 6.3999964952468872e+01
  6.6009747266769409e+01 6.8800623178482056e+01 7.2799434185028076e+01
  7.5599285840988159e+01 7.9599374771118164e+01 9.0199974298477173e+01</time>
<cumulative_reward>2.7921464889049530e+03</cumulative_reward>
</opencv_storage>
