<?xml version="1.0"?>
<opencv_storage>
<task_selection_method>mcts_task_by_completion_reward_gradient</task_selection_method>
<reward>
  9.9980152728557587e+03 9.9900154790878296e+03 9.9890051579475403e+03
  9.9870055370330811e+03 9.9840157744884491e+03 9.9839351179599762e+03
  9.9810051171779633e+03 9.9799959187507629e+03 9.9779544224739075e+03
  9.9759754588603973e+03 9.9700160429477692e+03 9.9669758901596069e+03
  9.9619347305297852e+03 9.9598165459632874e+03 9.9540119662284851e+03</reward>
<time>
  1.9847271442413330e+00 9.9845209121704102e+00 1.0994842052459717e+01
  1.2994462966918945e+01 1.5984225511550903e+01 1.6064882040023804e+01
  1.8994882822036743e+01 2.0004081249237061e+01 2.2045577526092529e+01
  2.4024541139602661e+01 2.9983957052230835e+01 3.3024109840393066e+01
  3.8065269470214844e+01 4.0183454036712646e+01 4.5988033771514893e+01</time>
</opencv_storage>
