<?xml version="1.0"?>
<opencv_storage>
<task_selection_method>greedy_completion_reward</task_selection_method>
<param>34</param>
<num_agents>1</num_agents>
<num_nodes>100</num_nodes>
<reward>
  2.7352523987393835e+02 4.7794295469488247e+02 2.4582468459325955e+02
  4.4050393833551391e+02 4.5352312290413334e+02 4.0391643615218436e+02</reward>
<time>
  2.4111776590347290e+01 3.1834711074829102e+01 6.8396016359329224e+01
  9.1780846118927002e+01 9.7881838083267212e+01 1.0453768634796143e+02</time>
<cumulative_reward>2.2952363765539121e+03</cumulative_reward>
</opencv_storage>
