<?xml version="1.0"?>
<opencv_storage>
<task_selection_method>greedy_completion_reward</task_selection_method>
<reward>
  9.9980099997520447e+03 9.9858001692295074e+03 9.9844095382690430e+03
  9.9670102462768555e+03</reward>
<time>3.2989753723144531e+01</time>
</opencv_storage>
