<?xml version="1.0"?>
<opencv_storage>
<task_selection_method>greedy_completion_reward</task_selection_method>
<reward>
  9.9970036175251007e+03 9.9839301548004150e+03 9.9611303794384003e+03</reward>
<time>3.8869620561599731e+01</time>
</opencv_storage>
