<?xml version="1.0"?>
<opencv_storage>
<task_selection_method>greedy_completion_reward</task_selection_method>
<param>34</param>
<map_name>osu_field</map_name>
<num_agents>3</num_agents>
<num_nodes>100</num_nodes>
<reward>
  4.6253614333588843e+02 4.5799440418638090e+02 4.7716954017558947e+02
  4.3407735042610864e+02 4.5352312290413334e+02 4.2820356269636108e+02
  4.0462445645879899e+02 4.1791601528275896e+02 4.0391643615218436e+02
  4.1647900072257283e+02 4.1441709237203031e+02 3.9095405609192602e+02
  3.9156148102205123e+02 3.7577523873429146e+02 3.8477311116062805e+02
  3.4019383795893168e+02 3.9050201899656150e+02 3.3713446439841397e+02
  3.1948155473616509e+02 2.7352523987393835e+02 2.8503117065524486e+02
  2.5717353965138187e+02 2.5906885478924289e+02 3.2232404787290614e+02
  2.4975182179714096e+02 2.3487867751214719e+02 2.3092661297741944e+02</reward>
<time>
  1.2989185571670532e+01 3.1990188837051392e+01 4.9988556146621704e+01
  6.5988486528396606e+01 7.0989808320999146e+01 7.9989992856979370e+01
  1.1099878025054932e+02 1.1798809599876404e+02 1.2299011039733887e+02
  1.2399022459983826e+02 1.5799074101448059e+02 1.6398788404464722e+02
  1.6599086809158325e+02 1.7998940539360046e+02 1.7998940539360046e+02
  1.8598897981643677e+02 2.0398995161056519e+02 2.0499040889739990e+02
  2.2098976469039917e+02 2.3798898267745972e+02 2.5198959851264954e+02
  2.6898986005783081e+02 2.7099972128868103e+02 2.7298992514610291e+02
  2.9198414802551270e+02 2.9899049568176270e+02 3.3198947882652283e+02</time>
<cumulative_reward>9.8139128529411973e+03</cumulative_reward>
</opencv_storage>
