<?xml version="1.0"?>
<opencv_storage>
<task_selection_method>greedy_completion_reward</task_selection_method>
<reward>
  9.9980009171962738e+03 9.9939969117641449e+03 9.9929975233078003e+03
  9.9909993190765381e+03 9.9870005204677582e+03 9.9859945206642151e+03
  9.9830008623600006e+03 9.9789987847805023e+03 9.9789987847805023e+03
  9.9580005521774292e+03 9.9569983847141266e+03 9.9560009524822235e+03
  9.9309990739822388e+03 9.9309990739822388e+03</reward>
<time>
  1.9990828037261963e+00 6.0030882358551025e+00 7.0024766921997070e+00
  9.0006809234619141e+00 1.2999479532241821e+01 1.4005479335784912e+01
  1.6999137639999390e+01 2.1001215219497681e+01 2.1001215219497681e+01
  4.1999447822570801e+01 4.3001615285873413e+01 4.3999047517776489e+01
  6.9000926017761230e+01 6.9000926017761230e+01</time>
</opencv_storage>
