<?xml version="1.0"?>
<opencv_storage>
<task_selection_method>greedy_completion_reward</task_selection_method>
<param>11</param>
<num_agents>5</num_agents>
<num_nodes>100</num_nodes>
<reward>
  3.9040275738735016e+02 3.9122918522661814e+02 3.8953805252273952e+02
  3.7559455403456224e+02 3.9249270472836872e+02 3.9034232212383569e+02
  3.8167531476933698e+02 3.8850890694946179e+02 3.7049144741265394e+02
  3.7008820236310783e+02 3.7155602381561641e+02 3.6960222152557014e+02
  3.6874194448161359e+02 3.7114493045145178e+02 3.6364285925297833e+02
  3.6838191790205775e+02 3.5801299426952511e+02 3.5576462330702935e+02
  3.6013408622358213e+02 3.5918459093612950e+02 3.4405077582222543e+02
  3.5750117916351911e+02 2.6985971941746379e+02 3.4336083168316139e+02
  3.4016863007944329e+02 2.7890331787098017e+02 2.6557365992664393e+02
  2.7279756264366728e+02</reward>
<time>
  1.1080062389373779e+00 8.3085916042327881e+00 9.9575562477111816e+00
  1.6308561325073242e+01 1.6908886909484863e+01 1.8718243598937988e+01
  2.5327325344085693e+01 2.6340597391128540e+01 2.8316657304763794e+01
  2.9505275964736938e+01 2.9716243267059326e+01 3.0318303108215332e+01
  3.1104669809341431e+01 3.1312680006027222e+01 3.7507186889648438e+01
  3.7706135272979736e+01 3.8959254980087280e+01 3.9943937063217163e+01
  4.5717343568801880e+01 5.0916140079498291e+01 5.3117357015609741e+01
  5.3515320777893066e+01 5.3919157981872559e+01 5.4305321693420410e+01
  5.5706111431121826e+01 5.6105843067169189e+01 5.9306708574295044e+01
  5.9508891105651855e+01</time>
<cumulative_reward>9.9587453162906913e+03</cumulative_reward>
</opencv_storage>
