<?xml version="1.0"?>
<opencv_storage>
<task_selection_method>mcts_task_by_completion_reward_gradient</task_selection_method>
<reward>
  9.9988635702133179e+03 9.9979819884300232e+03 9.9978616659641266e+03
  9.9889813611507416e+03 9.9888620340824127e+03 9.9839809911251068e+03
  9.9838620641231537e+03 9.9828619239330292e+03 9.9759814815521240e+03
  9.9738604290485382e+03 9.9719813508987427e+03 9.9708604416847229e+03
  9.9698621072769165e+03 9.9648621149063110e+03 9.9519799420833588e+03
  9.9478621101379395e+03 9.9419806034564972e+03 9.9229818899631500e+03
  9.9209805765151978e+03 9.9099819552898407e+03 9.9059818155765533e+03</reward>
<time>
  1.1364297866821289e+00 2.0180115699768066e+00 2.1383340358734131e+00
  1.1018638849258423e+01 1.1137965917587280e+01 1.6019008874893188e+01
  1.6137935876846313e+01 1.7138076066970825e+01 2.4018518447875977e+01
  2.6139570951461792e+01 2.8018649101257324e+01 2.9139558315277100e+01
  3.0137892723083496e+01 3.5137885093688965e+01 4.8020057916641235e+01
  5.2137889862060547e+01 5.8019396543502808e+01 7.7018110036849976e+01
  7.9019423484802246e+01 9.0018044710159302e+01 9.4018184423446655e+01</time>
</opencv_storage>
