<?xml version="1.0"?>
<opencv_storage>
<task_selection_method>mcts_task_by_completion_reward_gradient</task_selection_method>
<param>34</param>
<num_agents>5</num_agents>
<num_nodes>100</num_nodes>
<reward>
  0. 0. 0. 0. 0. 0. 0. 0. 0. 0. 0. 0. 1.9748670864105225e+02 0. 0. 0. 0.
  0. 0. 0. 0. 1.9628628826141357e+02 0. 0. 0. 1.9601587390899658e+02 0.
  0. 0. 0. 0. 0. 0. 1.9508617091178894e+02 0. 0. 0. 0. 0. 0.
  1.9425673794746399e+02 0. 0. 0. 0. 0. 1.9328444337844849e+02 0. 0. 0.
  0. 0. 0. 0. 0. 0. 0. 0. 0. 0. 0. 0. 1.9108452439308167e+02 0. 0.
  1.9064339280128479e+02 0. 0. 0. 1.9008500146865845e+02 0.
  1.9002457284927368e+02 1.8828664350509644e+02 1.8568613839149475e+02
  1.8148490810394287e+02 0. 0. 0. 0. 0. 1.7903601336479187e+02 0. 0. 0.
  0. 0. 0. 0. 0. 0. 0. 0. 0. 0. 0. 1.7708724141120911e+02 0. 0. 0. 0. 0.
  0. 0. 0. 0. 0. 0. 0. 0. 0. 0. 0. 0. 0. 0. 0. 0. 0. 0. 0.
  1.7381552720069885e+02 0. 1.7368706655502319e+02 0. 0. 0. 0. 0. 0. 0.
  0. 0. 0. 0. 0. 0. 0. 0. 0. 0. 0. 1.7103440952301025e+02 0. 0. 0. 0. 0.
  0. 0. 0. 1.7008518886566162e+02 0. 0. 0. 0. 0. 0. 0. 0. 0. 0. 0.
  1.6828298258781433e+02 0. 0. 0. 0. 0. 0. 0. 0. 1.6688607335090637e+02
  0. 0. 0. 0. 0. 0. 0. 0. 0. 0. 0. 0. 0. 0. 0. 0. 0. 0. 0. 0. 0. 0. 0.
  0. 1.6368552160263062e+02 0. 0. 0. 0. 0. 0. 0. 0. 0. 0. 0. 0.
  1.6208771419525146e+02 0. 0. 0. 0. 0. 0. 0. 0. 0. 0. 0. 0. 0. 0. 0. 0.
  0. 0. 0. 0. 0. 0. 0. 0. 0. 0. 0. 0. 0. 0. 0. 0. 0. 0. 0.
  1.5668665361404419e+02 0. 0. 0. 0. 0. 0. 0. 1.5568664073944092e+02 0.
  0. 0. 0. 0. 0. 0. 1.5448661828041077e+02 0. 0. 0. 0. 0. 0. 0. 0. 0.
  1.5248604631423950e+02 0. 0. 0. 0. 0. 0. 0. 0. 0. 0. 0. 0. 0. 0. 0. 0.
  0. 0. 0. 1.4982651686668396e+02 0. 0. 0. 1.4943724393844604e+02 0. 0.
  0. 0. 0. 0. 0. 0. 0. 1.4804615569114685e+02 1.4588795161247253e+02
  1.4468596005439758e+02 1.4368664598464966e+02 1.4363628101348877e+02
  1.4288763022422791e+02 1.4162513351440430e+02 1.4048780632019043e+02</reward>
<time>
  3.5827159881591797e-01 5.6395721435546875e-01 9.1371917724609375e-01
  9.1371917724609375e-01 1.1138143539428711e+00 1.3442418575286865e+00
  1.5500586032867432e+00 1.7173230648040771e+00 1.7880597114562988e+00
  1.9477095603942871e+00 2.1939227581024170e+00 2.3240878582000732e+00
  2.5132913589477539e+00 2.5132913589477539e+00 2.5438072681427002e+00
  2.7132525444030762e+00 2.7537267208099365e+00 2.9143624305725098e+00
  3.1147654056549072e+00 3.3136799335479736e+00 3.5148475170135498e+00
  3.7137117385864258e+00 3.7137117385864258e+00 3.7542600631713867e+00
  3.9132363796234131e+00 3.9841260910034180e+00 4.1146337985992432e+00
  4.1748199462890625e+00 4.3130130767822266e+00 4.5132553577423096e+00
  4.5238943099975586e+00 4.7137382030487061e+00 4.7539346218109131e+00
  4.9138290882110596e+00 4.9138290882110596e+00 5.1137843132019043e+00
  5.1746745109558105e+00 5.3148980140686035e+00 5.5140199661254883e+00
  5.7126100063323975e+00 5.7432620525360107e+00 5.9146535396575928e+00
  5.9952924251556396e+00 6.3137264251708984e+00 6.5149128437042236e+00
  6.7155566215515137e+00 6.7155566215515137e+00 6.9162633419036865e+00
  7.1161346435546875e+00 7.1866841316223145e+00 7.3144221305847168e+00
  7.5161328315734863e+00 7.5671529769897461e+00 7.7161867618560791e+00
  7.9154846668243408e+00 7.9659135341644287e+00 8.1238503456115723e+00
  8.3147776126861572e+00 8.3553533554077148e+00 8.5161406993865967e+00
  8.7160961627960205e+00 8.7464778423309326e+00 8.9154756069183350e+00
  8.9854881763458252e+00 9.3162662982940674e+00 9.3566071987152100e+00
  9.5149207115173340e+00 9.5854089260101318e+00 9.7561953067779541e+00
  9.9149985313415527e+00 9.9149985313415527e+00 9.9754271507263184e+00
  1.1713356494903564e+01 1.4313861608505249e+01 1.8515091896057129e+01
  2.0313851594924927e+01 2.0394822597503662e+01 2.0566148757934570e+01
  2.0723316192626953e+01 2.0923485994338989e+01 2.0963986635208130e+01
  2.1113226413726807e+01 2.1183423995971680e+01 2.1313937902450562e+01
  2.1514760971069336e+01 2.1555193424224854e+01 2.1712883234024048e+01
  2.1763531208038330e+01 2.1914136171340942e+01 2.2113725662231445e+01
  2.2144244194030762e+01 2.2313866615295410e+01 2.2374420404434204e+01
  2.2553467988967896e+01 2.2713895320892334e+01 2.2912758588790894e+01
  2.2913368463516235e+01 2.3134559631347656e+01 2.3313817262649536e+01
  2.3512736082077026e+01 2.3713354349136353e+01 2.3763907194137573e+01
  2.3917613267898560e+01 2.4113514900207520e+01 2.4124579668045044e+01
  2.4312672376632690e+01 2.4512659788131714e+01 2.4513324975967407e+01
  2.4721643447875977e+01 2.4721643447875977e+01 2.4912676811218262e+01
  2.4963224172592163e+01 2.5113791227340698e+01 2.5313808202743530e+01
  2.5512663841247559e+01 2.5583601474761963e+01 2.5713414907455444e+01
  2.5912965059280396e+01 2.5983838319778442e+01 2.6113773107528687e+01
  2.6184472799301147e+01 2.6312933444976807e+01 2.6312933444976807e+01
  2.6513393640518188e+01 2.6584245681762695e+01 2.6713828086853027e+01
  2.6912729740142822e+01 2.6983661890029907e+01 2.7112734794616699e+01
  2.7313791990280151e+01 2.7354191303253174e+01 2.7513686895370483e+01
  2.7584081888198853e+01 2.7744387626647949e+01 2.7935305118560791e+01
  2.8114388704299927e+01 2.8314802885055542e+01 2.8315557241439819e+01
  2.8514236927032471e+01 2.8714910507202148e+01 2.8914971828460693e+01
  2.8965590476989746e+01 2.8975765466690063e+01 2.9113770961761475e+01
  2.9184155464172363e+01 2.9314795970916748e+01 2.9514792442321777e+01
  2.9514792442321777e+01 2.9714845895767212e+01 2.9785885810852051e+01
  2.9914811134338379e+01 3.0113709211349487e+01 3.0184609889984131e+01
  3.0357205867767334e+01 3.0713719367980957e+01 3.0744412899017334e+01
  3.0913719654083252e+01 3.1113720178604126e+01 3.1113720178604126e+01
  3.1313725709915161e+01 3.1343974828720093e+01 3.1584320783615112e+01
  3.1717017412185669e+01 3.1757774591445923e+01 3.1934331893920898e+01
  3.2114398479461670e+01 3.2313404321670532e+01 3.2516875743865967e+01
  3.2713714122772217e+01 3.2733917951583862e+01 3.2924977302551270e+01
  3.3113926649093628e+01 3.3134502887725830e+01 3.3394756555557251e+01
  3.3545081377029419e+01 3.3713401794433594e+01 3.3913380146026611e+01
  3.3933597326278687e+01 3.4113386392593384e+01 3.4334844827651978e+01
  3.4514500141143799e+01 3.4714483022689819e+01 3.4785165548324585e+01
  3.4923609972000122e+01 3.5113387823104858e+01 3.5153766632080078e+01
  3.5313490152359009e+01 3.5383702993392944e+01 3.5513381958007812e+01
  3.5713381767272949e+01 3.5724429130554199e+01 3.5913378953933716e+01
  3.5933724880218506e+01 3.6113374233245850e+01 3.6133781433105469e+01
  3.6313382625579834e+01 3.6314478397369385e+01 3.6343788385391235e+01
  3.6514481306076050e+01 3.6544847011566162e+01 3.6713941335678101e+01
  3.6754467964172363e+01 3.6912909507751465e+01 3.7113475322723389e+01
  3.7144448757171631e+01 3.7312714338302612e+01 3.7382817506790161e+01
  3.7513082027435303e+01 3.7713038444519043e+01 3.7912285804748535e+01
  3.7912285804748535e+01 3.8113404750823975e+01 3.8134468317031860e+01
  3.8313388586044312e+01 3.8384417772293091e+01 3.8516625404357910e+01
  3.8714469432830811e+01 3.8755254507064819e+01 3.8912702560424805e+01
  3.9113779783248901e+01 3.9194488763809204e+01 3.9513775348663330e+01
  3.9554362535476685e+01 3.9794328212738037e+01 3.9994154214859009e+01
  4.0123908042907715e+01 4.0317208290100098e+01 4.0368277549743652e+01
  4.0513295173645020e+01 4.0584316015243530e+01 4.0777815818786621e+01
  4.0914222955703735e+01 4.1116147756576538e+01 4.1117065668106079e+01
  4.1314370393753052e+01 4.1334565401077271e+01 4.1514880657196045e+01
  4.1713622093200684e+01 4.1963273286819458e+01 4.2312059640884399e+01
  4.2511989116668701e+01 4.2582709550857544e+01 4.2913611173629761e+01
  4.2954204082489014e+01 4.3112702846527100e+01 4.3313346385955811e+01
  4.3313346385955811e+01 4.3513798475265503e+01 4.3564554929733276e+01
  4.3715905189514160e+01 4.3913776636123657e+01 4.3983845710754395e+01
  4.4125917911529541e+01 4.4313359260559082e+01 4.4383606672286987e+01
