<?xml version="1.0"?>
<opencv_storage>
<task_selection_method>mcts_task_by_completion_reward_gradient</task_selection_method>
<reward>
  9.9981723201274872e+03 9.9973020954132080e+03 9.9861707878112793e+03
  9.9793085067272186e+03 9.9791695795059204e+03 9.9661696610450745e+03
  9.9653093113899231e+03 9.9533104150295258e+03 9.8891714298725128e+03
  9.8753093709945679e+03 9.8443097290992737e+03</reward>
<time>
  1.8276798725128174e+00 2.6979045867919922e+00 1.3829212188720703e+01
  2.0691493272781372e+01 2.0830420494079590e+01 3.3830338954925537e+01
  3.4690688610076904e+01 4.6689584970474243e+01 1.1082857012748718e+02
  1.2469062900543213e+02 1.5569027090072632e+02</time>
</opencv_storage>
