<?xml version="1.0"?>
<opencv_storage>
<task_selection_method>greedy_completion_reward</task_selection_method>
<param>5</param>
<num_agents>7</num_agents>
<num_nodes>100</num_nodes>
<reward>
  2.2875354470395038e+02 1.7721382531250032e+02 2.4438295262284353e+02
  2.3980270379975573e+02 2.0089451884427172e+02 2.1674504627413174e+02
  3.3925214915471724e+02 3.3991760852572628e+02 2.9648703592365439e+02
  3.1452742832284304e+02 2.7817825798715359e+02 2.5636704290691642e+02
  2.4413025111675063e+02 3.0174945774564128e+02 2.9200511181351129e+02
  2.8582516695271795e+02 1.3188776631330597e+02 2.2549124238787883e+02
  2.5111810090787128e+02 2.4148854505293366e+02 2.5420729673275321e+02
  1.7527638824924406e+02 2.5079887787613339e+02 2.5552427048329321e+02
  2.5012506360288239e+02 2.5040703729636780e+02 2.4283874128602372e+02
  2.4484463167424516e+02 2.3951246339627676e+02 2.5081273179040747e+02
  1.6976296095161285e+02 1.7140655253464402e+02 1.9667306626162201e+02
  2.3578378420483631e+02 2.2392958309674108e+02 2.3132900820829181e+02
  2.3576869531435864e+02</reward>
<time>
  3.2771754264831543e-01 3.5836482048034668e-01 5.1598787307739258e-01
  3.5561151504516602e+00 6.9151728153228760e+00 7.3174598217010498e+00
  7.5579369068145752e+00 7.9158985614776611e+00 1.1715410470962524e+01
  1.2518206357955933e+01 1.3517664909362793e+01 1.6324883460998535e+01
  1.6324883460998535e+01 1.6599333763122559e+01 1.7916662216186523e+01
  2.0315797805786133e+01 2.2596925020217896e+01 2.3917532205581665e+01
  2.6917229652404785e+01 2.8717622041702271e+01 2.9726014375686646e+01
  3.0117153167724609e+01 3.3396765708923340e+01 3.4915726184844971e+01
  3.9758328437805176e+01 4.6558354139328003e+01 4.6916601181030273e+01
  4.7358577966690063e+01 4.9515803575515747e+01 4.9515803575515747e+01
  5.2716727018356323e+01 5.2716727018356323e+01 5.3117637634277344e+01
  5.3117637634277344e+01 5.5917033433914185e+01 5.7718212366104126e+01
  5.8714858055114746e+01</time>
<cumulative_reward>8.9852189096288075e+03</cumulative_reward>
</opencv_storage>
