<?xml version="1.0"?>
<opencv_storage>
<task_selection_method>mcts_task_by_completion_reward_gradient</task_selection_method>
<reward>
  9.9979557719230652e+03 9.9839465725421906e+03 9.9699543900489807e+03
  9.9579570305347443e+03 9.9389556045532227e+03 9.9329561982154846e+03
  9.9239550871849060e+03 9.9029470803737640e+03 9.8969469871520996e+03
  9.8669472763538361e+03</reward>
<time>
  2.0442280769348145e+00 1.6053427457809448e+01 3.0045609951019287e+01
  4.2042969465255737e+01 6.1044395446777344e+01 6.7043801784515381e+01
  7.6044912815093994e+01 9.7052919626235962e+01 1.0305301284790039e+02
  1.3305272364616394e+02</time>
</opencv_storage>
