<?xml version="1.0"?>
<opencv_storage>
<task_selection_method>greedy_completion_reward</task_selection_method>
<param>3</param>
<num_agents>2</num_agents>
<num_nodes>100</num_nodes>
<reward>
  1.8505294497312528e+02 2.3697435322535614e+02 2.9097534348009685e+02
  2.7750407297735751e+02 2.8522278878420195e+02 2.5356276597574134e+02
  2.2039198824312118e+02 2.3904816085911398e+02 1.9313733691149429e+02</reward>
<time>
  4.8334417343139648e+00 1.3813911437988281e+01 1.5800348758697510e+01
  2.1831666231155396e+01 4.0198572158813477e+01 4.5233222961425781e+01
  4.6400699377059937e+01 5.6000723123550415e+01 5.9823246479034424e+01</time>
<cumulative_reward>2.1818697554296086e+03</cumulative_reward>
</opencv_storage>
