<?xml version="1.0"?>
<opencv_storage>
<task_selection_method>greedy_completion_reward</task_selection_method>
<reward>
  9.9859991614818573e+03 9.9729988420009613e+03 9.9629993152618408e+03
  9.9480116033554077e+03 9.9330117990970612e+03 9.9049988863468170e+03
  9.8930117895603180e+03 9.8669985473155975e+03</reward>
<time>
  1.4000838518142700e+01 2.7001157999038696e+01 3.7000684738159180e+01
  5.1988396644592285e+01 6.6988200902938843e+01 9.5001113653182983e+01
  1.0698821043968201e+02 1.3300145268440247e+02</time>
</opencv_storage>
