<?xml version="1.0"?>
<opencv_storage>
<task_selection_method>mcts_task_by_completion_reward_gradient</task_selection_method>
<reward>
  9.9879428048133850e+03 9.9809435706138611e+03 9.9539413633346558e+03
  9.9509431734085083e+03 9.9419428310394287e+03 9.9379424991607666e+03
  9.9209443347454071e+03</reward>
<time>
  1.2057195186614990e+01 1.9056429386138916e+01 4.6058636665344238e+01
  4.9056826591491699e+01 5.8057168960571289e+01 6.2057500839233398e+01
  7.9055665254592896e+01</time>
</opencv_storage>
