<?xml version="1.0"?>
<opencv_storage>
<task_selection_method>mcts_task_by_completion_reward_gradient</task_selection_method>
<param>81</param>
<num_agents>5</num_agents>
<num_nodes>100</num_nodes>
<reward>
  4.0435061130292155e+02 1.7964717301889152e+02 4.3270551362026310e+02
  4.2865338144270231e+02 4.4409088953370633e+02 4.2510599963629028e+02
  4.0538703140498558e+02 3.9544411937462058e+02 3.9032082742146275e+02
  4.3264152580313765e+02 4.1839026507856687e+02 4.3749256920279424e+02
  4.2697148196690563e+02 4.0106217072728447e+02 3.9197282133853037e+02
  1.8341246592749968e+02 3.1930088561867086e+02 4.2461722761561657e+02
  2.1703955517150834e+02 3.3389902946390407e+02 4.1664022721789235e+02
  4.2470736846251771e+02 3.2236292858218133e+02 3.9188798693815323e+02
  1.4864188612748021e+02 4.1718460122076920e+02 1.8077385454115378e+02
  4.2948848150517057e+02 2.0926321070755870e+02 2.0673115364641504e+02
  4.2956411938012434e+02 2.6511935773332863e+02 3.9196955971794387e+02
  1.8496461657443052e+02 4.4131952810741717e+02 3.2671318243398724e+02
  2.3144470206114116e+02 4.0723540978010175e+02 2.2006610986327507e+02</reward>
<time>
  5.0386118888854980e-01 5.0386118888854980e-01 3.9032666683197021e+00
  8.1054143905639648e+00 1.0566093921661377e+01 2.7194872379302979e+01
  2.7575111389160156e+01 2.7785467386245728e+01 3.0564659357070923e+01
  3.3177714347839355e+01 3.3924886465072632e+01 3.4104967355728149e+01
  3.5105905771255493e+01 3.9996687889099121e+01 4.1724915266036987e+01
  4.2506113290786743e+01 4.4702368974685669e+01 4.5103403091430664e+01
  4.5503408908843994e+01 4.6154356002807617e+01 4.6303533077239990e+01
  4.6903300046920776e+01 4.7200270652770996e+01 4.7302929401397705e+01
  4.7783806085586548e+01 4.8533094644546509e+01 5.1302300214767456e+01
  5.1582520723342896e+01 5.1903871536254883e+01 5.3375079393386841e+01
  5.3944367885589600e+01 5.5502438306808472e+01 5.6303427696228027e+01
  5.6303427696228027e+01 5.7104143381118774e+01 5.7773830652236938e+01
  5.8303183317184448e+01 5.8517723560333252e+01 5.8518363475799561e+01</time>
<cumulative_reward>1.3538583829271302e+04</cumulative_reward>
</opencv_storage>
