<?xml version="1.0"?>
<opencv_storage>
<task_selection_method>greedy_completion_reward</task_selection_method>
<reward>
  9.9980080485343933e+03 9.9960117199420929e+03 9.9920114653110504e+03
  9.9900112736225128e+03 9.9900105180740356e+03 9.9860119061470032e+03
  9.9860119061470032e+03 9.9780111439228058e+03 9.9750130085945129e+03
  9.9679961791038513e+03 9.9650124223232269e+03 9.9610099840164185e+03
  9.9600090007781982e+03 9.9530079996585846e+03 9.9430109968185425e+03
  9.9370106587409973e+03</reward>
<time>
  1.9919514656066895e+00 3.9882800579071045e+00 7.9885346889495850e+00
  9.9887263774871826e+00 9.9894819259643555e+00 1.3988093852996826e+01
  1.3988093852996826e+01 2.1988856077194214e+01 2.4986991405487061e+01
  3.2003820896148682e+01 3.4987577676773071e+01 3.8990015983581543e+01
  3.9990999221801758e+01 4.6992000341415405e+01 5.6989003181457520e+01
  6.2989341259002686e+01</time>
</opencv_storage>
