<?xml version="1.0"?>
<opencv_storage>
<task_selection_method>mcts_task_by_completion_reward_gradient</task_selection_method>
<reward>
  9.9979708387851715e+03 9.9979334461688995e+03 9.9909412672519684e+03
  9.9889751055240631e+03 9.9879354918003082e+03 9.9839338142871857e+03
  9.9809350953102112e+03 9.9740065109729767e+03 9.9720068950653076e+03
  9.9650081377029419e+03 9.9600071189403534e+03 9.9560056421756744e+03
  9.9560056421756744e+03 9.9490068914890289e+03 9.9250081343650818e+03
  9.9170070567131042e+03 9.9060066077709198e+03 9.8870078315734863e+03</reward>
<time>
  2.0291612148284912e+00 2.0665538311004639e+00 9.0587327480316162e+00
  1.1024894475936890e+01 1.2064508199691772e+01 1.6066185712814331e+01
  1.9064904689788818e+01 2.5993489027023315e+01 2.7993104934692383e+01
  3.4991862297058105e+01 3.9992881059646606e+01 4.3994357824325562e+01
  4.3994357824325562e+01 5.0993108510971069e+01 7.4991865634918213e+01
  8.2992943286895752e+01 9.3993392229080200e+01 1.1299216842651367e+02</time>
</opencv_storage>
