<?xml version="1.0"?>
<opencv_storage>
<task_selection_method>greedy_completion_reward</task_selection_method>
<reward>
  9.9980017552375793e+03 9.9980017552375793e+03 9.9949989178180695e+03
  9.9929994151592255e+03 9.9920013189315796e+03 9.9850012176036835e+03
  9.9839988989830017e+03 9.9819997060298920e+03 9.9789965579509735e+03
  9.9779996705055237e+03 9.9730011658668518e+03 9.9710009276866913e+03
  9.9479995620250702e+03 9.9469996991157532e+03 9.9410033895969391e+03
  9.9370026345252991e+03 9.9339992060661316e+03</reward>
<time>
  1.9982447624206543e+00 1.9982447624206543e+00 5.0010821819305420e+00
  7.0005848407745361e+00 7.9986810684204102e+00 1.4998782396316528e+01
  1.6001101016998291e+01 1.8000293970108032e+01 2.1003442049026489e+01
  2.2000329494476318e+01 2.6998834133148193e+01 2.8999072313308716e+01
  5.2000437974929810e+01 5.3000300884246826e+01 5.8996610403060913e+01
  6.2997365474700928e+01 6.6000793933868408e+01</time>
</opencv_storage>
