<?xml version="1.0"?>
<opencv_storage>
<task_selection_method>mcts_task_by_completion_reward_gradient</task_selection_method>
<param>2</param>
<num_agents>2</num_agents>
<num_nodes>100</num_nodes>
<reward>
  1.8980272603034973e+02 1.8855275177955627e+02 1.8600505375862122e+02
  1.8338268780708313e+02 1.8000296306610107e+02 1.7956294798851013e+02
  1.7800388407707214e+02 1.7660282373428345e+02 1.7138379144668579e+02
  1.7013212847709656e+02 1.6480198645591736e+02 1.6236092376708984e+02
  1.5413160109519958e+02 1.4880308294296265e+02 1.4460233521461487e+02
  1.3940307927131653e+02 1.3675188994407654e+02 1.3518263816833496e+02
  1.3240316057205200e+02 1.2760386347770691e+02 1.2277230191230774e+02
  1.2040291380882263e+02 1.0060308837890625e+02</reward>
<time>
  1.0197273969650269e+01 1.1447248220443726e+01 1.3994946241378784e+01
  1.6617312192916870e+01 1.9997036933898926e+01 2.0437052011489868e+01
  2.1996115922927856e+01 2.3397176265716553e+01 2.8616208553314209e+01
  2.9867871522903442e+01 3.5198013544082642e+01 3.7639076232910156e+01
  4.5868398904800415e+01 5.1196917057037354e+01 5.5397664785385132e+01
  6.0596920728683472e+01 6.3248110055923462e+01 6.4817361831665039e+01
  6.7596839427947998e+01 7.2396136522293091e+01 7.7227698087692261e+01
  7.9597086191177368e+01 9.9396911621093750e+01</time>
<cumulative_reward>3.5932546231746674e+03</cumulative_reward>
</opencv_storage>
