<?xml version="1.0"?>
<opencv_storage>
<task_selection_method>greedy_completion_reward</task_selection_method>
<param>10</param>
<num_agents>2</num_agents>
<num_nodes>100</num_nodes>
<reward>
  1.9997940802574158e+02 1.9992891669273376e+02 1.9619591546058655e+02
  1.9359588027000427e+02 1.9357548379898071e+02 1.9039852070808411e+02
  1.8699680209159851e+02 1.8153370499610901e+02 1.8019337987899780e+02
  1.7019561266899109e+02 1.6299841499328613e+02 1.6279892826080322e+02
  1.5659383106231689e+02 1.4519969725608826e+02 1.4319480156898499e+02
  1.4139560341835022e+02 1.3537367963790894e+02 1.3233726453781128e+02
  1.2679435706138611e+02 1.2433695197105408e+02 1.2239870023727417e+02
  1.2139445185661316e+02 5.9528819561004639e+01 5.5396880626678467e+01
  5.3998804092407227e+01 2.9998475074768066e+01 2.3000807523727417e+01
  1.6728436231613159e+01 1.7948250770568848e+00 -2.0261664867401123e+01</reward>
<time>
  2.0591974258422852e-02 7.1083307266235352e-02 3.8040845394134521e+00
  6.4041197299957275e+00 6.4245162010192871e+00 9.6014792919158936e+00
  1.3003197908401489e+01 1.8466295003890991e+01 1.9806620121002197e+01
  2.9804387331008911e+01 3.7001585006713867e+01 3.7201071739196777e+01
  4.3406168937683105e+01 5.4800302743911743e+01 5.6805198431015015e+01
  5.8604396581649780e+01 6.4626320362091064e+01 6.7662735462188721e+01
  7.3205642938613892e+01 7.5663048028945923e+01 7.7601299762725830e+01
  7.8605548143386841e+01 1.4047118043899536e+02 1.4460311937332153e+02
  1.4600119590759277e+02 1.7000152492523193e+02 1.7699919247627258e+02
  1.8327156376838684e+02 1.9820517492294312e+02 2.2026166486740112e+02</time>
<cumulative_reward>3.7875956897735596e+03</cumulative_reward>
</opencv_storage>
