<?xml version="1.0"?>
<opencv_storage>
<task_selection_method>greedy_completion_reward</task_selection_method>
<reward>
  9.9980033493041992e+03 9.9980033493041992e+03 9.9980033493041992e+03
  9.9969996340274811e+03 9.9940022413730621e+03 9.9920030691623688e+03
  9.9889994359016418e+03 9.9860023169517517e+03 9.9820031759738922e+03
  9.9759987201690674e+03 9.9740028460025787e+03 9.9680022013187408e+03
  9.9670033824443817e+03 9.9459983179569244e+03 9.9350007953643799e+03
  9.9320000779628754e+03 9.9309996497631073e+03 9.9280024056434631e+03</reward>
<time>
  1.9966506958007812e+00 1.9966506958007812e+00 1.9966506958007812e+00
  3.0003659725189209e+00 5.9977586269378662e+00 7.9969308376312256e+00
  1.1000564098358154e+01 1.3997683048248291e+01 1.7996824026107788e+01
  2.4001279830932617e+01 2.5997153997421265e+01 3.1997798681259155e+01
  3.2996617555618286e+01 5.4001682043075562e+01 6.4999204635620117e+01
  6.7999922037124634e+01 6.9000350236892700e+01 7.1997594356536865e+01</time>
</opencv_storage>
