<?xml version="1.0"?>
<opencv_storage>
<task_selection_method>greedy_completion_reward</task_selection_method>
<param>34</param>
<num_agents>1</num_agents>
<num_nodes>100</num_nodes>
<reward>
  4.6543893433967531e+02 4.6253614333588843e+02</reward>
<time>
  3.2900015616416931e+02 4.5500095105171204e+02</time>
<cumulative_reward>9.2797507767556374e+02</cumulative_reward>
</opencv_storage>
