<?xml version="1.0"?>
<opencv_storage>
<task_selection_method>mcts_task_by_completion_reward_gradient</task_selection_method>
<param>3</param>
<num_agents>5</num_agents>
<num_nodes>100</num_nodes>
<reward>
  1.8787170052567089e+02 1.8868635407810027e+02 1.2808876494554633e+02
  3.0866707881960406e+02 1.9313733691149429e+02 1.5153337493333365e+02
  2.8962946639011182e+02 2.7355172040474929e+02 1.8505294497312528e+02
  2.1275875638365102e+02 1.6100414967071819e+02 2.7483012166155703e+02
  2.3697435322535614e+02 2.9635181566695712e+02 1.0837280545569379e+02
  2.0704478829654170e+02 2.0791874792840002e+02 1.8650425840336686e+02
  2.7292186188167278e+02 2.5356276597574134e+02 2.3922243727821609e+02
  1.0583849677753929e+02 2.0618788171300150e+02 1.8844646168184312e+02
  1.9285862568131270e+02 2.2039198824312118e+02 2.5834374596907395e+02</reward>
<time>
  5.3442287445068359e-01 7.1264719963073730e-01 1.0584827423095703e+01
  1.3913854360580444e+01 1.5114943742752075e+01 1.5315289020538330e+01
  1.5713109970092773e+01 1.6133355855941772e+01 1.9134558916091919e+01
  2.0513880014419556e+01 2.4554708957672119e+01 2.6115050315856934e+01
  2.8984734535217285e+01 3.2324594974517822e+01 3.4513814210891724e+01
  3.5783647537231445e+01 4.2774585247039795e+01 4.3324229001998901e+01
  4.5934125900268555e+01 4.9113564968109131e+01 4.9712435722351074e+01
  5.1374171495437622e+01 5.3914128065109253e+01 5.4312993288040161e+01
  5.6514137268066406e+01 5.9544219017028809e+01 5.9764456033706665e+01</time>
<cumulative_reward>5.7357528038754981e+03</cumulative_reward>
</opencv_storage>
