<?xml version="1.0"?>
<opencv_storage>
<task_selection_method>greedy_completion_reward</task_selection_method>
<param>34</param>
<num_agents>1</num_agents>
<num_nodes>100</num_nodes>
<reward>
  4.7856792537986144e+02 4.6253614333588843e+02 4.5799440418638090e+02
  4.5352312290413334e+02 4.3407735042610864e+02 4.2820356269636108e+02
  4.1791601528275896e+02 4.1674172476029366e+02</reward>
<time>
  1.7186636924743652e+01 3.4732612848281860e+01 3.9928939580917358e+01
  4.9932749032974243e+01 6.7331349372863770e+01 8.7731369972229004e+01
  1.1292790937423706e+02 1.1453418660163879e+02</time>
<cumulative_reward>3.5495602489717867e+03</cumulative_reward>
</opencv_storage>
