<?xml version="1.0"?>
<opencv_storage>
<task_selection_method>greedy_completion_reward</task_selection_method>
<reward>
  9.9941296875476837e+03 9.9822298202514648e+03</reward>
<time>1.7770179748535156e+01</time>
</opencv_storage>
