<?xml version="1.0"?>
<opencv_storage>
<task_selection_method>mcts_task_by_completion_reward_gradient</task_selection_method>
<reward>
  9.9859598529338837e+03 9.9728476340770721e+03 9.9719599320888519e+03
  9.9609599487781525e+03 9.9359600946903229e+03 9.9159599936008453e+03
  9.8809599823951721e+03 9.8769599106311798e+03 9.8429598972797394e+03</reward>
<time>
  1.4040147066116333e+01 2.7152365922927856e+01 2.8040067911148071e+01
  3.9040051221847534e+01 6.4039905309677124e+01 8.4040006399154663e+01
  1.1904001760482788e+02 1.2304008936882019e+02 1.5704010272026062e+02</time>
</opencv_storage>
