<?xml version="1.0"?>
<opencv_storage>
<task_selection_method>greedy_completion_reward</task_selection_method>
<param>1</param>
<num_agents>3</num_agents>
<num_nodes>100</num_nodes>
<reward>
  3.8133695074790819e+02 4.7241337748646720e+02 1.6598855973320644e+02
  3.7580577013896419e+02 3.8013633728324066e+02 3.7362168664911616e+02
  2.1693312722922360e+02 2.0934095038152185e+02 3.7109105993648933e+02
  3.6034787149171643e+02</reward>
<time>
  7.8026170730590820e+00 1.8201063394546509e+01 1.9491031646728516e+01
  3.1075742959976196e+01 3.8842123508453369e+01 4.8200616836547852e+01
  5.2641474723815918e+01 5.3493197917938232e+01 5.4801954507827759e+01
  5.5002054214477539e+01</time>
<cumulative_reward>3.3070156910778537e+03</cumulative_reward>
</opencv_storage>
