<?xml version="1.0"?>
<opencv_storage>
<task_selection_method>mcts_task_by_completion_reward_impact</task_selection_method>
<reward>
  9.9949898986816406e+03 9.9849898788928986e+03 9.9799899449348450e+03
  9.9729898481369019e+03 9.9659898664951324e+03 9.9449899196624756e+03
  9.9429899997711182e+03 9.9299899156093597e+03 9.9239898214340210e+03
  9.9109899091720581e+03 9.9019899072647095e+03 9.8869899394512177e+03
  9.8839898574352264e+03 9.8719897835254669e+03 9.8689898004531860e+03
  9.8549898791313171e+03</reward>
<time>
  5.0101013183593750e+00 1.5010121107101440e+01 2.0010055065155029e+01
  2.7010151863098145e+01 3.4010133504867554e+01 5.5010080337524414e+01
  5.7010000228881836e+01 7.0010084390640259e+01 7.6010178565979004e+01
  8.9010090827941895e+01 9.8010092735290527e+01 1.1301006054878235e+02
  1.1601014256477356e+02 1.2801021647453308e+02 1.3101019954681396e+02
  1.4501012086868286e+02</time>
</opencv_storage>
