<?xml version="1.0"?>
<opencv_storage>
<reward>
  9.9730669999999991e+03 9.9680669999999991e+03 9.9530679999999993e+03
  9.9280669999999991e+03 9.9090679999999993e+03 9.9050679999999993e+03</reward>
<time>
  2.6933000000000000e+01 3.1933000000000000e+01 4.6932000000000002e+01
  7.1933000000000007e+01 9.0932000000000002e+01 9.4932000000000002e+01</time>
</opencv_storage>
