<?xml version="1.0"?>
<opencv_storage>
<task_selection_method>greedy_completion_reward</task_selection_method>
<param>2</param>
<num_agents>7</num_agents>
<num_nodes>100</num_nodes>
<reward>
  4.9437035800870615e+02 3.6939406915234883e+02 2.4943586266963911e+02
  2.6882336614601633e+02 1.4919056010919226e+02 4.7095923145260639e+02
  1.9386995146627729e+02 4.7957488562361516e+02 4.6588547733354812e+02
  3.7526083787482480e+02 3.4022559712781759e+02 4.8027823044661551e+02
  3.6859314321147576e+02 2.7514163249693729e+02 3.1928844492880546e+02
  3.7302336693127978e+02 3.6656935844993575e+02 3.5324066615192442e+02
  3.7173049063858167e+02 2.2206268635677333e+02 3.5155179513684624e+02
  2.2020172449086385e+02 3.5028320176202715e+02 2.4950700685365769e+02
  2.5989222579323274e+02 3.5679705772556531e+02 3.0258419797584008e+02
  2.1489195830528126e+02 3.1270841045006256e+02 2.9247495029779583e+02
  1.9883512803572177e+02 3.3753577588340823e+02 2.5948533381911182e+02
  2.7003514451669065e+02</reward>
<time>
  3.4263644218444824e+00 4.7985422611236572e+00 8.3978650569915771e+00
  9.3980424404144287e+00 1.0395318031311035e+01 1.0996663808822632e+01
  1.2998902320861816e+01 1.3396307229995728e+01 1.4848583698272705e+01
  1.6246235132217407e+01 1.6488343477249146e+01 1.8398833036422729e+01
  1.9876994609832764e+01 2.1608061313629150e+01 2.2627163648605347e+01
  2.5996123075485229e+01 2.6596846580505371e+01 2.7196790933609009e+01
  2.8596481561660767e+01 2.9395836114883423e+01 3.0445417642593384e+01
  3.0995424270629883e+01 3.4397293329238892e+01 3.6796897888183594e+01
  3.7996347665786743e+01 4.2618211984634399e+01 4.2796096801757812e+01
  4.8997711658477783e+01 5.1797362565994263e+01 5.2594953536987305e+01
  5.3847584724426270e+01 5.5996889352798462e+01 5.9017428874969482e+01
  5.9798138856887817e+01</time>
<cumulative_reward>1.0963702127623028e+04</cumulative_reward>
</opencv_storage>
