<?xml version="1.0"?>
<opencv_storage>
<task_selection_method>mcts_task_by_completion_reward_gradient</task_selection_method>
<param>1</param>
<num_agents>2</num_agents>
<num_nodes>100</num_nodes>
<reward>
  1.9597100377082825e+02 1.9440287804603577e+02 1.9317088246345520e+02
  1.8960202503204346e+02 1.8600149798393250e+02 1.8257229495048523e+02
  1.7911233901977539e+02 1.7797125101089478e+02 1.7280424189567566e+02
  1.7120219659805298e+02 1.6400253248214722e+02 1.5997118735313416e+02
  1.5740423893928528e+02 1.5340190482139587e+02 1.5037273454666138e+02
  1.4537197446823120e+02 1.4460431408882141e+02 1.4197110271453857e+02
  1.3291310763359070e+02 1.1960275220870972e+02 1.1097232770919800e+02
  9.8171606779098511e+01 9.6604193210601807e+01 9.1201792001724243e+01
  8.6004315853118896e+01 3.9600771665573120e+01 2.9004382371902466e+01</reward>
<time>
  4.0289962291717529e+00 5.5971219539642334e+00 6.8291175365447998e+00
  1.0397974967956543e+01 1.3998502016067505e+01 1.7427705049514771e+01
  2.0887660980224609e+01 2.2028748989105225e+01 2.7195758104324341e+01
  2.8797803401947021e+01 3.5997467517852783e+01 4.0028812646865845e+01
  4.2595761060714722e+01 4.6598095178604126e+01 4.9627265453338623e+01
  5.4628025531768799e+01 5.5395685911178589e+01 5.8028897285461426e+01
  6.7086892366409302e+01 8.0397247791290283e+01 8.9027672290802002e+01
  1.0182839322090149e+02 1.0339580678939819e+02 1.0879820799827576e+02
  1.1399568414688110e+02 1.6039922833442688e+02 1.7099561762809753e+02</time>
<cumulative_reward>3.8639858496189117e+03</cumulative_reward>
</opencv_storage>
