<?xml version="1.0"?>
<opencv_storage>
<task_selection_method>mcts_task_by_completion_reward_gradient</task_selection_method>
<param>2</param>
<num_agents>4</num_agents>
<num_nodes>100</num_nodes>
<reward>
  9.5696287631988525e+01 9.5095124006271362e+01 9.3623872995376587e+01
  9.0896470069885254e+01 9.0493322134017944e+01 9.0094563722610474e+01
  8.8495219469070435e+01 8.6202591419219971e+01 8.5854575634002686e+01
  8.3045397758483887e+01 8.2414448976516724e+01 8.1024495363235474e+01
  8.0221060752868652e+01 8.0093883275985718e+01 7.9495809555053711e+01
  7.8654260873794556e+01 7.8495382785797119e+01 7.7096178293228149e+01
  7.4895830631256104e+01 7.3097585916519165e+01 7.3077242612838745e+01
  7.2493376255035400e+01 7.0894021272659302e+01 6.9475976705551147e+01
  6.8894889831542969e+01 6.8638129234313965e+01 6.8495470285415649e+01
  6.7283394813537598e+01 6.3242953538894653e+01 6.1443463325500488e+01
  5.8026374816894531e+01 5.1435141086578369e+01 4.9693511247634888e+01
  4.9211665868759155e+01 4.5896385908126831e+01 2.2696924924850464e+01
  2.0094772100448608e+01 1.6281121253967285e+01 1.6096127986907959e+01
  1.4296265840530396e+01 8.4733586311340332e+00 1.0960934162139893e+00
  -8.9735929965972900e+00 -2.8104000568389893e+01</reward>
<time>
  4.3037123680114746e+00 4.9048759937286377e+00 6.3761270046234131e+00
  9.1035299301147461e+00 9.5066778659820557e+00 9.9054362773895264e+00
  1.1504780530929565e+01 1.3797408580780029e+01 1.4145424365997314e+01
  1.6954602241516113e+01 1.7585551023483276e+01 1.8975504636764526e+01
  1.9778939247131348e+01 1.9906116724014282e+01 2.0504190444946289e+01
  2.1345739126205444e+01 2.1504617214202881e+01 2.2903821706771851e+01
  2.5104169368743896e+01 2.6902414083480835e+01 2.6922757387161255e+01
  2.7506623744964600e+01 2.9105978727340698e+01 3.0524023294448853e+01
  3.1105110168457031e+01 3.1361870765686035e+01 3.1504529714584351e+01
  3.2716605186462402e+01 3.6757046461105347e+01 3.8556536674499512e+01
  4.1973625183105469e+01 4.8564858913421631e+01 5.0306488752365112e+01
  5.0788334131240845e+01 5.4103614091873169e+01 7.7303075075149536e+01
  7.9905227899551392e+01 8.3718878746032715e+01 8.3903872013092041e+01
  8.5703734159469604e+01 9.1526641368865967e+01 9.8903906583786011e+01
  1.0897359299659729e+02 1.2810400056838989e+02</time>
<cumulative_reward>2.6851454286575317e+03</cumulative_reward>
</opencv_storage>
