<?xml version="1.0"?>
<opencv_storage>
<task_selection_method>mcts_task_by_completion_reward_gradient</task_selection_method>
<reward>
  9.9979730525016785e+03 9.9930143468379974e+03 9.9898141195774078e+03
  9.9879836649894714e+03 9.9859440002441406e+03 9.9849823324680328e+03
  9.9839230725765228e+03 9.9829733555316925e+03 9.9809630298614502e+03
  9.9809436604976654e+03 9.9780026621818542e+03 9.9759540269374847e+03
  9.9729708797931671e+03 9.9690030610561371e+03 9.9669526808261871e+03
  9.9649519414901733e+03 9.9639730324745178e+03 9.9610023286342621e+03
  9.9570017323493958e+03 9.9559911024570465e+03 9.9490037987232208e+03
  9.9380140922069550e+03</reward>
<time>
  2.0269474983215332e+00 6.9856531620025635e+00 1.0185880422592163e+01
  1.2016335010528564e+01 1.4055999755859375e+01 1.5017667531967163e+01
  1.6076927423477173e+01 1.7026644468307495e+01 1.9036970138549805e+01
  1.9056339502334595e+01 2.1997337818145752e+01 2.4045973062515259e+01
  2.7029120206832886e+01 3.0996938943862915e+01 3.3047319173812866e+01
  3.5048058509826660e+01 3.6026967525482178e+01 3.8997671365737915e+01
  4.2998267650604248e+01 4.4008897542953491e+01 5.0996201276779175e+01
  6.1985907793045044e+01</time>
</opencv_storage>
