<?xml version="1.0"?>
<opencv_storage>
<task_selection_method>mcts_task_by_completion_reward_gradient</task_selection_method>
<reward>
  9.9744613885879517e+03 9.9674611396789551e+03 9.9624613537788391e+03
  9.9530506377220154e+03 9.9440601148605347e+03 9.9344607880115509e+03
  9.9304616031646729e+03 9.9124614031314850e+03</reward>
<time>
  2.5538611412048340e+01 3.2538860321044922e+01 3.7538646221160889e+01
  4.6949362277984619e+01 5.5939885139465332e+01 6.5539211988449097e+01
  6.9538396835327148e+01 8.7538596868515015e+01</time>
</opencv_storage>
