<?xml version="1.0"?>
<opencv_storage>
<task_selection_method>greedy_completion_reward</task_selection_method>
<reward>
  9.9980067577362061e+03 9.9980067577362061e+03 9.9980067577362061e+03
  9.9940070836544037e+03 9.9940070836544037e+03 9.9900069062709808e+03
  9.9900069062709808e+03 9.9860084540843964e+03 9.9860075354576111e+03
  9.9820102434158325e+03 9.9750083994865417e+03 9.9690065734386444e+03
  9.9660045650005341e+03 9.9640081732273102e+03 9.9530080084800720e+03
  9.9520094280242920e+03 9.9480044627189636e+03 9.9420097970962524e+03
  9.9420087769031525e+03 9.9370076017379761e+03 9.9310053999423981e+03</reward>
<time>
  1.9932422637939453e+00 1.9932422637939453e+00 1.9932422637939453e+00
  5.9929163455963135e+00 5.9929163455963135e+00 9.9930937290191650e+00
  9.9930937290191650e+00 1.3991545915603638e+01 1.3992464542388916e+01
  1.7989756584167480e+01 2.4991600513458252e+01 3.0993426561355591e+01
  3.3995434999465942e+01 3.5991826772689819e+01 4.6991991519927979e+01
  4.7990571975708008e+01 5.1995537281036377e+01 5.7990202903747559e+01
  5.7991223096847534e+01 6.2992398262023926e+01 6.8994600057601929e+01</time>
</opencv_storage>
