<?xml version="1.0"?>
<opencv_storage>
<task_selection_method>mcts_task_by_completion_reward_gradient</task_selection_method>
<reward>
  9.9811156008243561e+03 9.9731242225170135e+03 9.9621157431602478e+03
  9.9491245214939117e+03 9.9381155233383179e+03 9.9281159219741821e+03
  9.9011238677501678e+03 9.8781240637302399e+03</reward>
<time>
  1.8884399175643921e+01 2.6875777482986450e+01 3.7884256839752197e+01
  5.0875478506088257e+01 6.1884476661682129e+01 7.1884078025817871e+01
  9.8876132249832153e+01 1.2187593626976013e+02</time>
</opencv_storage>
