<?xml version="1.0"?>
<opencv_storage>
<task_selection_method>greedy_completion_reward</task_selection_method>
<reward>
  9.9979986891746521e+03 9.9919985139369965e+03 9.9799960517883301e+03
  9.9730006411075592e+03 9.9509964935779572e+03 9.9379998629093170e+03
  9.9119952754974365e+03 9.8990000445842743e+03</reward>
<time>
  2.0013108253479004e+00 8.0014860630035400e+00 2.0003948211669922e+01
  2.6999358892440796e+01 4.9003506422042847e+01 6.2000137090682983e+01
  8.8004724502563477e+01 1.0099995541572571e+02</time>
</opencv_storage>
