<?xml version="1.0"?>
<opencv_storage>
<task_selection_method>greedy_completion_reward</task_selection_method>
<reward>
  9.9921149999999998e+03 9.9851160000000000e+03 9.9811129999999994e+03
  9.9721160000000000e+03 9.9691170000000002e+03</reward>
<time>
  7.8849999999999980e+00 1.4884000000000000e+01 1.8887000000000000e+01
  2.7884000000000000e+01 3.0882999999999996e+01</time>
</opencv_storage>
