<?xml version="1.0"?>
<opencv_storage>
<task_selection_method>greedy_completion_reward</task_selection_method>
<param>9</param>
<num_agents>2</num_agents>
<num_nodes>100</num_nodes>
<reward>
  1.9959861445426941e+02 1.9559888935089111e+02 1.9440050411224365e+02
  1.8799747443199158e+02 1.8599968838691711e+02 1.7799591517448425e+02
  1.7699712562561035e+02 1.7359611392021179e+02 1.6376932120323181e+02
  1.6179884219169617e+02 1.5976381087303162e+02 1.5319546175003052e+02
  1.5199906730651855e+02 1.4679956817626953e+02 1.4539361333847046e+02
  1.3359397292137146e+02 1.2959774136543274e+02 1.2476760673522949e+02
  1.2439870667457581e+02 1.2219465112686157e+02 1.1519940257072449e+02
  1.1119813680648804e+02 9.5398683309555054e+01 9.3795850038528442e+01
  8.1998603105545044e+01 8.1399646043777466e+01 6.9999113082885742e+01
  6.5196048498153687e+01</reward>
<time>
  4.0138554573059082e-01 4.4011106491088867e+00 5.5994958877563477e+00
  1.2002525568008423e+01 1.4000311613082886e+01 2.2004084825515747e+01
  2.3002874374389648e+01 2.6403886079788208e+01 3.6230678796768188e+01
  3.8201157808303833e+01 4.0236189126968384e+01 4.6804538249969482e+01
  4.8000932693481445e+01 5.3200431823730469e+01 5.4606386661529541e+01
  6.6406027078628540e+01 7.0402258634567261e+01 7.5232393264770508e+01
  7.5601293325424194e+01 7.7805348873138428e+01 8.4800597429275513e+01
  8.8801863193511963e+01 1.0460131669044495e+02 1.0620414996147156e+02
  1.1800139689445496e+02 1.1860035395622253e+02 1.3000088691711426e+02
  1.3480395150184631e+02</time>
<cumulative_reward>3.9236421725749969e+03</cumulative_reward>
</opencv_storage>
