<?xml version="1.0"?>
<opencv_storage>
<task_selection_method>mcts_task_by_completion_reward_gradient</task_selection_method>
<param>1</param>
<num_agents>5</num_agents>
<num_nodes>10</num_nodes>
<reward>
  2.0788447219681612e+02 2.2963000724888744e+02 3.2923182780796526e+02
  2.7890845950814048e+02 1.9094115754041232e+02</reward>
<time>
  1.4999971389770508e+00 1.7989327907562256e+00 1.6760188579559326e+01
  3.1652033090591431e+01 4.3383822202682495e+01</time>
<cumulative_reward>1.2365959243022216e+03</cumulative_reward>
</opencv_storage>
