<?xml version="1.0"?>
<opencv_storage>
<task_selection_method>greedy_completion_reward</task_selection_method>
<param>7</param>
<num_agents>2</num_agents>
<num_nodes>100</num_nodes>
<reward>
  1.9710264062881470e+02 1.9059399962425232e+02 1.8170180797576904e+02
  1.7860139441490173e+02 1.7459589552879333e+02 1.7010494899749756e+02
  1.6510531306266785e+02 1.5859614801406860e+02 1.5639261627197266e+02
  1.5059445738792419e+02 1.4399281048774719e+02 1.4370453071594238e+02
  1.4050400304794312e+02 1.3115500330924988e+02 1.2276464486122131e+02
  1.1459205913543701e+02 1.0999321794509888e+02 1.0879598093032837e+02
  9.3995651483535767e+01 8.7993154764175415e+01 7.9761830806732178e+01
  7.6304195404052734e+01 6.8596190929412842e+01 6.4795501708984375e+01</reward>
<time>
  2.8973593711853027e+00 9.4060003757476807e+00 1.8298192024230957e+01
  2.1398605585098267e+01 2.5404104471206665e+01 2.9895051002502441e+01
  3.4894686937332153e+01 4.1403851985931396e+01 4.3607383728027344e+01
  4.9405542612075806e+01 5.6007189512252808e+01 5.6295469284057617e+01
  5.9495996952056885e+01 6.8844996690750122e+01 7.7235355138778687e+01
  8.5407940864562988e+01 9.0006782054901123e+01 9.1204019069671631e+01
  1.0600434851646423e+02 1.1200684523582458e+02 1.2023816919326782e+02
  1.2369580459594727e+02 1.3140380907058716e+02 1.3520449829101562e+02</time>
<cumulative_reward>3.2103379974365234e+03</cumulative_reward>
</opencv_storage>
