<?xml version="1.0"?>
<opencv_storage>
<task_selection_method>mcts_task_by_completion_reward_gradient</task_selection_method>
<reward>
  9.9979913539886475e+03 9.9979807951450348e+03 9.9929718425273895e+03
  9.9908023633956909e+03 9.9900021538734436e+03 9.9860023286342621e+03
  9.9820015079975128e+03 9.9819807541370392e+03 9.9809615871906281e+03
  9.9769207425117493e+03 9.9760022168159485e+03 9.9759717404842377e+03
  9.9709716577529907e+03 9.9689985296726227e+03 9.9590015819072723e+03
  9.9570014967918396e+03 9.9469508595466614e+03 9.9460026583671570e+03
  9.9399716799259186e+03 9.9299982933998108e+03 9.9100021796226501e+03</reward>
<time>
  2.0086460113525391e+00 2.0192048549652100e+00 7.0281574726104736e+00
  9.1976366043090820e+00 9.9978461265563965e+00 1.3997671365737915e+01
  1.7998492002487183e+01 1.8019245862960815e+01 1.9038412809371948e+01
  2.3079257488250732e+01 2.3997783184051514e+01 2.4028259515762329e+01
  2.9028342247009277e+01 3.1001470327377319e+01 4.0998418092727661e+01
  4.2998503208160400e+01 5.3049140453338623e+01 5.3997341632843018e+01
  6.0028320074081421e+01 7.0001706600189209e+01 8.9997820377349854e+01</time>
</opencv_storage>
