<?xml version="1.0"?>
<opencv_storage>
<task_selection_method>greedy_completion_reward</task_selection_method>
<param>34</param>
<num_agents>3</num_agents>
<num_nodes>100</num_nodes>
<reward>
  3.9321352814384062e+02 4.7716863675502003e+02 4.6253614333588843e+02
  4.5799440418638090e+02 4.5352312290413334e+02 3.9095405609192602e+02
  3.9156148102205123e+02</reward>
<time>
  3.4990051746368408e+01 5.0009778738021851e+01 9.4010647535324097e+01
  1.0603181838989258e+02 1.3300003647804260e+02 1.3798999261856079e+02
  1.5503138232231140e+02</time>
<cumulative_reward>3.0269513724392405e+03</cumulative_reward>
</opencv_storage>
