<?xml version="1.0"?>
<opencv_storage>
<task_selection_method>greedy_completion_reward</task_selection_method>
<reward>
  9.9980021183490753e+03 9.9980021183490753e+03 9.9960032775402069e+03
  9.9940040926933289e+03 9.9930042438507080e+03 9.9920040943622589e+03
  9.9860035777091980e+03 9.9860035777091980e+03 9.9830039463043213e+03
  9.9820014166831970e+03 9.9780015079975128e+03 9.9760040276050568e+03
  9.9760040276050568e+03 9.9700044164657593e+03 9.9490044510364532e+03
  9.9490044510364532e+03 9.9170037882328033e+03</reward>
<time>
  1.9978816509246826e+00 1.9978816509246826e+00 3.9967224597930908e+00
  5.9959073066711426e+00 6.9957561492919922e+00 7.9959056377410889e+00
  1.3996422290802002e+01 1.3996422290802002e+01 1.6996053695678711e+01
  1.7998583316802979e+01 2.1998492002487183e+01 2.3995972394943237e+01
  2.3995972394943237e+01 2.9995583534240723e+01 5.0995548963546753e+01
  5.0995548963546753e+01 8.2996211767196655e+01</time>
</opencv_storage>
