<?xml version="1.0"?>
<opencv_storage>
<task_selection_method>greedy_completion_reward</task_selection_method>
<reward>
  9.9979984416961670e+03 9.9949994549751282e+03 9.9930003693103790e+03
  9.9899971458911896e+03 9.9889997942447662e+03 9.9880015835762024e+03
  9.9860013613700867e+03 9.9860013613700867e+03 9.9829994566440582e+03
  9.9780003228187561e+03 9.9749982330799103e+03 9.9720000758171082e+03
  9.9699972527027130e+03 9.9670003631114960e+03 9.9660015153884888e+03
  9.9589997389316559e+03 9.9459963867664337e+03 9.9439998219013214e+03
  9.9389995541572571e+03 9.9340002775192261e+03 9.9269998984336853e+03
  9.9190010697841644e+03</reward>
<time>
  2.0015583038330078e+00 5.0005450248718262e+00 6.9996306896209717e+00
  1.0002854108810425e+01 1.1000205755233765e+01 1.1998416423797607e+01
  1.3998638629913330e+01 1.3998638629913330e+01 1.7000543355941772e+01
  2.1999677181243896e+01 2.5001766920089722e+01 2.7999924182891846e+01
  3.0002747297286987e+01 3.2999636888504028e+01 3.3998484611511230e+01
  4.1000261068344116e+01 5.4003613233566284e+01 5.6000178098678589e+01
  6.1000445842742920e+01 6.5999722480773926e+01 7.3000101566314697e+01
  8.0998930215835571e+01</time>
</opencv_storage>
