<?xml version="1.0"?>
<opencv_storage>
<task_selection_method>greedy_completion_reward</task_selection_method>
<reward>
  9.9970128588676453e+03 9.9810087678432465e+03</reward>
<time>1.8991232156753540e+01</time>
</opencv_storage>
