<?xml version="1.0"?>
<opencv_storage>
<task_selection_method>mcts_task_by_completion_reward_gradient</task_selection_method>
<reward>
  9.9901638627052307e+03 9.9899736523628235e+03 9.9870338344573975e+03
  9.9851332788467407e+03 9.9840413029193878e+03 9.9820321409702301e+03
  9.9799636657238007e+03 9.9790631403923035e+03 9.9771609163284302e+03
  9.9761531867980957e+03 9.9721639223098755e+03 9.9721531205177307e+03
  9.9691211991310120e+03 9.9641529147624969e+03 9.9591535084247589e+03
  9.9551636242866516e+03 9.9531435651779175e+03 9.9471635797023773e+03
  9.9351129136085510e+03 9.9271194496154785e+03 9.8741639416217804e+03
  9.8701642820835114e+03</reward>
<time>
  9.8361372947692871e+00 1.0026347637176514e+01 1.2966165542602539e+01
  1.4866721153259277e+01 1.5958697080612183e+01 1.7967859029769897e+01
  2.0036334276199341e+01 2.0936859607696533e+01 2.2839083671569824e+01
  2.3846813201904297e+01 2.7836077690124512e+01 2.7846879482269287e+01
  3.0878800868988037e+01 3.5847085237503052e+01 4.0846491575241089e+01
  4.4836375713348389e+01 4.6856434822082520e+01 5.2836420297622681e+01
  6.4887086391448975e+01 7.2880550384521484e+01 1.2583605837821960e+02
  1.2983571791648865e+02</time>
</opencv_storage>
