<?xml version="1.0"?>
<opencv_storage>
<task_selection_method>greedy_completion_reward</task_selection_method>
<reward>
  9.9990050466060638e+03 9.9980104799270630e+03</reward>
<time>1.9895200729370117e+00</time>
</opencv_storage>
