<?xml version="1.0"?>
<opencv_storage>
<task_selection_method>greedy_completion_reward</task_selection_method>
<reward>
  9.9980900170803070e+03 9.9980045273303986e+03 9.9910096583366394e+03
  9.9854034585952759e+03 9.9787096271514893e+03</reward>
<time>2.1290372848510742e+01</time>
</opencv_storage>
