<?xml version="1.0"?>
<opencv_storage>
<task_selection_method>mcts_task_by_completion_reward_gradient</task_selection_method>
<param>81</param>
<num_agents>5</num_agents>
<num_nodes>100</num_nodes>
<reward>
  1.9969419574737549e+02 1.9969419574737549e+02 1.9967392921447754e+02
  1.9963394045829773e+02 1.9789563870429993e+02 1.9709592914581299e+02
  1.9669585824012756e+02 1.9520693445205688e+02 1.9449740862846375e+02
  1.9449740862846375e+02 1.9206536102294922e+02 1.9189556717872620e+02
  1.9189556717872620e+02 1.8829656004905701e+02 1.8829499936103821e+02
  1.8689680051803589e+02 1.8667640161514282e+02 1.8501086926460266e+02
  1.8489578938484192e+02 1.8247528052330017e+02 1.8141479206085205e+02
  1.7907629466056824e+02 1.7649555325508118e+02 1.7569618892669678e+02
  1.7004407501220703e+02 1.6645585036277771e+02 1.6409518671035767e+02
  1.6363465762138367e+02 1.6184461712837219e+02 1.6040483570098877e+02
  1.5909681606292725e+02 1.5869627785682678e+02 1.5709535956382751e+02
  1.5409590458869934e+02 1.5220412373542786e+02 1.4968551063537598e+02
  1.4889578461647034e+02 1.4881573843955994e+02 1.4549663591384888e+02
  1.4306658959388733e+02 1.4229563903808594e+02 1.4189689850807190e+02
  1.4189689850807190e+02</reward>
<time>
  3.0580425262451172e-01 3.0580425262451172e-01 3.2607078552246094e-01
  3.6605954170227051e-01 2.1043612957000732e+00 2.9040708541870117e+00
  3.3041417598724365e+00 4.7930655479431152e+00 5.5025913715362549e+00
  5.5025913715362549e+00 7.9346389770507812e+00 8.1044328212738037e+00
  8.1044328212738037e+00 1.1703439950942993e+01 1.1705000638961792e+01
  1.3103199481964111e+01 1.3323598384857178e+01 1.4989130735397339e+01
  1.5104210615158081e+01 1.7524719476699829e+01 1.8585207939147949e+01
  2.0923705339431763e+01 2.3504446744918823e+01 2.4303811073303223e+01
  2.9955924987792969e+01 3.3544149637222290e+01 3.5904813289642334e+01
  3.6365342378616333e+01 3.8155382871627808e+01 3.9595164299011230e+01
  4.0903183937072754e+01 4.1303722143173218e+01 4.2904640436172485e+01
  4.5904095411300659e+01 4.7795876264572144e+01 5.0314489364624023e+01
  5.1104215383529663e+01 5.1184261560440063e+01 5.4503364086151123e+01
  5.6933410406112671e+01 5.7704360961914062e+01 5.8103101491928101e+01
  5.8103101491928101e+01</time>
<cumulative_reward>7.4953888635635376e+03</cumulative_reward>
</opencv_storage>
