<?xml version="1.0"?>
<opencv_storage>
<task_selection_method>mcts_task_by_completion_reward_gradient</task_selection_method>
<reward>
  9.9986172373294830e+03 9.9979764800071716e+03 9.9896161720752716e+03
  9.9879763755798340e+03 9.9806161551475525e+03 9.9779748234748840e+03
  9.9776161632537842e+03 9.9746172380447388e+03 9.9716148333549500e+03
  9.9699756901264191e+03 9.9676159043312073e+03 9.9666150093078613e+03
  9.9616176011562347e+03 9.9596162397861481e+03 9.9439759025573730e+03
  9.9376173100471497e+03 9.9256161448955536e+03</reward>
<time>
  1.3827626705169678e+00 2.0235199928283691e+00 1.0383827924728394e+01
  1.2023624420166016e+01 1.9383844852447510e+01 2.2025176525115967e+01
  2.2383836746215820e+01 2.5382761955261230e+01 2.8385166645050049e+01
  3.0024309873580933e+01 3.2384095668792725e+01 3.3384990692138672e+01
  3.8382398843765259e+01 4.0383760213851929e+01 5.6024097442626953e+01
  6.2382689952850342e+01 7.4383855104446411e+01</time>
</opencv_storage>
