<?xml version="1.0"?>
<opencv_storage>
<task_selection_method>mcts_task_by_completion_reward_gradient</task_selection_method>
<reward>
  9.9873098416328430e+03 9.9813095719814301e+03 9.9792789456844330e+03
  9.9773096778392792e+03 9.9713092370033264e+03 9.9453090531826019e+03
  9.9372788088321686e+03 9.8782787220478058e+03</reward>
<time>
  1.2690158367156982e+01 1.8690428018569946e+01 2.0721054315567017e+01
  2.2690322160720825e+01 2.8690762996673584e+01 5.4690946817398071e+01
  6.2721191167831421e+01 1.2172127795219421e+02</time>
</opencv_storage>
