<?xml version="1.0"?>
<opencv_storage>
<task_selection_method>mcts_task_by_completion_reward_gradient</task_selection_method>
<param>4</param>
<num_agents>5</num_agents>
<num_nodes>100</num_nodes>
<reward>
  3.4776978937865897e+02 3.7178540572088701e+02 3.5853705056871161e+02
  1.3467189610637274e+02 3.4401718396440828e+02 3.6169126353175852e+02
  1.4018722291260269e+02 1.7530550343167403e+02 2.7404401493241528e+02
  2.9063804694985009e+02 3.0660007413608707e+02 2.9235636060956284e+02
  2.4477229965971341e+02 2.0040216930332647e+02 2.4633247864819506e+02
  2.5419479753945728e+02 2.5816472111369325e+02 3.5853003377144091e+02
  3.4841542662697162e+02 3.0898380220881927e+02 2.1797322549657045e+02
  3.6079613751748866e+02 2.5951972828688855e+02 2.4484447151056506e+02
  2.5393525645295537e+02 2.2649015001581171e+02 2.9166886817902196e+02
  2.1680043796157213e+02 3.3984616621019222e+02</reward>
<time>
  5.8679361343383789e+00 6.3993957042694092e+00 7.6386899948120117e+00
  8.1882040500640869e+00 8.9882910251617432e+00 1.4049371719360352e+01
  1.4058555126190186e+01 1.6260633468627930e+01 1.7218734025955200e+01
  2.0389677524566650e+01 2.2008260965347290e+01 3.0799109220504761e+01
  3.1458520650863647e+01 3.1601092815399170e+01 3.5478056907653809e+01
  3.5587899923324585e+01 3.9047711133956909e+01 4.0007086992263794e+01
  4.1039301872253418e+01 4.2399808883666992e+01 4.3648910522460938e+01
  4.5386437416076660e+01 4.6407609939575195e+01 4.9786861419677734e+01
  5.0867253065109253e+01 5.1986636638641357e+01 5.2205236911773682e+01
  5.8187853574752808e+01 5.8877947330474854e+01</time>
<cumulative_reward>8.0292739827456717e+03</cumulative_reward>
</opencv_storage>
