<?xml version="1.0"?>
<opencv_storage>
<task_selection_method>greedy_completion_reward</task_selection_method>
<reward>
  9.9980035800933838e+03 9.9980035800933838e+03 9.9950005028247833e+03
  9.9950005028247833e+03 9.9930028779506683e+03 9.9900008444786072e+03
  9.9870032753944397e+03 9.9840025775432587e+03 9.9820032179355621e+03
  9.9810029978752136e+03 9.9680042760372162e+03 9.9640035917758942e+03
  9.9619999940395355e+03 9.9610036110877991e+03 9.9600002524852753e+03
  9.9560056502819061e+03 9.9540028090476990e+03 9.9520044755935669e+03
  9.9510026245117188e+03 9.9500034294128418e+03 9.9450006146430969e+03
  9.9340034399032593e+03 9.9260004508495331e+03 9.9220015726089478e+03</reward>
<time>
  1.9964199066162109e+00 1.9964199066162109e+00 4.9994971752166748e+00
  4.9994971752166748e+00 6.9971220493316650e+00 9.9991555213928223e+00
  1.2996724605560303e+01 1.5997422456741333e+01 1.7996782064437866e+01
  1.8997002124786377e+01 3.1995723962783813e+01 3.5996408224105835e+01
  3.8000005960464478e+01 3.8996388912200928e+01 3.9999747514724731e+01
  4.3994349718093872e+01 4.5997190952301025e+01 4.7995524406433105e+01
  4.8997375488281250e+01 4.9996570587158203e+01 5.4999385356903076e+01
  6.5996560096740723e+01 7.3999549150466919e+01 7.7998427391052246e+01</time>
</opencv_storage>
