<?xml version="1.0"?>
<opencv_storage>
<task_selection_method>greedy_completion_reward</task_selection_method>
<param>3</param>
<num_agents>4</num_agents>
<num_nodes>100</num_nodes>
<reward>
  9.9692574977874756e+01 9.6245111942291260e+01 9.5696134328842163e+01
  9.5292828083038330e+01 9.3489814281463623e+01 9.1052502155303955e+01
  9.0493080615997314e+01 8.7495620012283325e+01 8.6693651914596558e+01
  8.6094365596771240e+01 8.5447176456451416e+01 8.3254641532897949e+01
  8.1255841016769409e+01 7.7490669012069702e+01 7.3647294998168945e+01
  7.2296524524688721e+01 7.1297039985656738e+01 6.2211457967758179e+01
  6.0693047046661377e+01 6.0052466630935669e+01 5.8257223606109619e+01
  5.6051500082015991e+01 5.3252747774124146e+01 5.1093465089797974e+01
  4.8893218278884888e+01 4.6493954181671143e+01 4.3450566053390503e+01
  -1.0510097742080688e+01 -1.3107079982757568e+01
  -1.5185383558273315e+01 -1.5706442356109619e+01</reward>
<time>
  3.0742502212524414e-01 3.7548880577087402e+00 4.3038656711578369e+00
  4.7071719169616699e+00 6.5101857185363770e+00 8.9474978446960449e+00
  9.5069193840026855e+00 1.2504379987716675e+01 1.3306348085403442e+01
  1.3905634403228760e+01 1.4552823543548584e+01 1.6745358467102051e+01
  1.8744158983230591e+01 2.2509330987930298e+01 2.6352705001831055e+01
  2.7703475475311279e+01 2.8702960014343262e+01 3.7788542032241821e+01
  3.9306952953338623e+01 3.9947533369064331e+01 4.1742776393890381e+01
  4.3948499917984009e+01 4.6747252225875854e+01 4.8906534910202026e+01
  5.1106781721115112e+01 5.3506045818328857e+01 5.6549433946609497e+01
  1.1051009774208069e+02 1.1310707998275757e+02 1.1518538355827332e+02
  1.1570644235610962e+02</time>
<cumulative_reward>1.9528755145072937e+03</cumulative_reward>
</opencv_storage>
