<?xml version="1.0"?>
<opencv_storage>
<task_selection_method>greedy_completion_reward</task_selection_method>
<reward>
  9.9969982767105103e+03 9.9875995407104492e+03</reward>
<time>1.2400459289550781e+01</time>
</opencv_storage>
