<?xml version="1.0"?>
<opencv_storage>
<task_selection_method>mcts_task_by_completion_reward_gradient</task_selection_method>
<param>3</param>
<num_agents>2</num_agents>
<num_nodes>100</num_nodes>
<reward>
  1.8505294497312528e+02 2.4980449435848925e+02 1.6406818185111106e+02
  2.0804445470112853e+02 2.7742989458890798e+02 1.5462758931767863e+02
  1.7311331204301118e+02 2.9097534348009685e+02 1.8783259095824812e+02
  2.3697435322535614e+02 1.4708634276487226e+02 1.5118474014201149e+02
  2.1192007401398538e+02 0.</reward>
<time>
  5.9948229789733887e+00 1.0797249078750610e+01 1.7237404346466064e+01
  1.8598511695861816e+01 2.4996175289154053e+01 2.5626676082611084e+01
  2.8236688613891602e+01 3.2995961427688599e+01 3.3995631456375122e+01
  3.5195844888687134e+01 5.2995517730712891e+01 5.5426905870437622e+01
  5.9634236574172974e+01 6.0195573091506958e+01</time>
<cumulative_reward>2.6381143164180221e+03</cumulative_reward>
</opencv_storage>
