<?xml version="1.0"?>
<opencv_storage>
<task_selection_method>greedy_completion_reward</task_selection_method>
<param>5</param>
<num_agents>2</num_agents>
<num_nodes>100</num_nodes>
<reward>
  1.9972363901138306e+02 1.9731881403923035e+02 1.9457270884513855e+02
  1.8780071020126343e+02 1.8720143675804138e+02 1.8300209283828735e+02
  1.7780066585540771e+02 1.7736877822875977e+02 1.6820327401161194e+02
  1.6680072975158691e+02 1.5592034530639648e+02 1.5497194790840149e+02
  1.4820276069641113e+02 1.4252221441268921e+02 1.3656862950325012e+02
  1.3612209987640381e+02 1.2997067904472351e+02 1.2840403699874878e+02
  1.2680132532119751e+02 1.2477084541320801e+02 1.2196800947189331e+02
  1.1712190842628479e+02 1.1000229883193970e+02 1.0757091808319092e+02
  9.6600968360900879e+01 9.3001000165939331e+01 8.9802962303161621e+01
  8.7921669721603394e+01 8.2920105457305908e+01 6.5777122020721436e+01</reward>
<time>
  2.7636098861694336e-01 2.6811859607696533e+00 5.4272911548614502e+00
  1.2199289798736572e+01 1.2798563241958618e+01 1.6997907161712646e+01
  2.2199334144592285e+01 2.2631221771240234e+01 3.1796725988388062e+01
  3.3199270248413086e+01 4.4079654693603516e+01 4.5028052091598511e+01
  5.1797239303588867e+01 5.7477785587310791e+01 6.3431370496749878e+01
  6.3877900123596191e+01 7.0029320955276489e+01 7.1595963001251221e+01
  7.3198674678802490e+01 7.5229154586791992e+01 7.8031990528106689e+01
  8.2878091573715210e+01 8.9997701168060303e+01 9.2429081916809082e+01
  1.0339903163909912e+02 1.0699899983406067e+02 1.1019703769683838e+02
  1.1207833027839661e+02 1.1707989454269409e+02 1.3422287797927856e+02</time>
<cumulative_reward>4.1967346968650818e+03</cumulative_reward>
</opencv_storage>
