<?xml version="1.0"?>
<opencv_storage>
<task_selection_method>greedy_completion_reward</task_selection_method>
<param>34</param>
<map_name>osu_field</map_name>
<num_agents>3</num_agents>
<num_nodes>100</num_nodes>
<reward>
  4.6253614333588843e+02 4.5799440418638090e+02 4.7726179499268733e+02
  4.3407735042610864e+02 4.5352312290413334e+02 4.2820356269636108e+02
  0. 0. 0. 0.</reward>
<time>
  1.2820877313613892e+01 2.4818950414657593e+01 4.7821575164794922e+01
  7.0821491479873657e+01 7.8819832801818848e+01 8.8821621656417847e+01
  9.6819520950317383e+01 1.0082094740867615e+02 1.1982023859024048e+02
  1.2482130622863770e+02</time>
<cumulative_reward>2.7135963785415597e+03</cumulative_reward>
</opencv_storage>
