<?xml version="1.0"?>
<opencv_storage>
<task_selection_method>greedy_completion_reward</task_selection_method>
<reward>
  9.9980014331340790e+03 9.9979557240009308e+03 9.9854751160144806e+03
  9.9809997344017029e+03</reward>
<time>1.9000265598297119e+01</time>
</opencv_storage>
