<?xml version="1.0"?>
<opencv_storage>
<task_selection_method>mcts_task_by_completion_reward_gradient</task_selection_method>
<reward>
  9.9888141441345215e+03 9.9869443585872650e+03 9.9849440596103668e+03
  9.9839648542404175e+03 9.9818156673908234e+03 9.9799657855033875e+03
  9.9748154749870300e+03 9.9719654877185822e+03 9.9719454379081726e+03
  9.9709710037708282e+03 9.9659465379714966e+03 9.9629455347061157e+03
  9.9619639027118683e+03 9.9569656307697296e+03 9.9569462854862213e+03
  9.9538165190219879e+03 9.9498119251728058e+03 9.9378167128562927e+03
  9.9269716272354126e+03 9.9268144505023956e+03 9.9229451837539673e+03
  9.9158175830841064e+03</reward>
<time>
  1.1185855865478516e+01 1.3055641412734985e+01 1.5055940389633179e+01
  1.6035145759582520e+01 1.8184332609176636e+01 2.0034214496612549e+01
  2.5184525012969971e+01 2.8034512281417847e+01 2.8054562091827393e+01
  2.9028996229171753e+01 3.4053462028503418e+01 3.7054465293884277e+01
  3.8036097288131714e+01 4.3034369230270386e+01 4.3053714513778687e+01
  4.6183480978012085e+01 5.0188074827194214e+01 6.2183287143707275e+01
  7.3028372764587402e+01 7.3185549497604370e+01 7.7054816246032715e+01
  8.4182416915893555e+01</time>
</opencv_storage>
