<?xml version="1.0"?>
<opencv_storage>
<task_selection_method>mcts_task_by_completion_reward_gradient</task_selection_method>
<reward>
  9.9980383088588715e+03 9.9898347852230072e+03 9.9889637815952301e+03
  9.9859856197834015e+03 9.9820098352432251e+03 9.9819801788330078e+03
  9.9779804890155792e+03 9.9749666409492493e+03 9.9739884624481201e+03
  9.9688330907821655e+03 9.9469863018989563e+03 9.9439670677185059e+03
  9.9238324027061462e+03 9.9159858112335205e+03</reward>
<time>
  1.9616911411285400e+00 1.0165214776992798e+01 1.1036218404769897e+01
  1.4014380216598511e+01 1.7990164756774902e+01 1.8019821166992188e+01
  2.2019510984420776e+01 2.5033359050750732e+01 2.6011537551879883e+01
  3.1166909217834473e+01 5.3013698101043701e+01 5.6032932281494141e+01
  7.6167597293853760e+01 8.4014188766479492e+01</time>
</opencv_storage>
