<?xml version="1.0"?>
<opencv_storage>
<task_selection_method>mcts_task_by_completion_reward_gradient</task_selection_method>
<reward>
  9.9980078501701355e+03 9.9979777889251709e+03 9.9900108993053436e+03
  9.9879506013393402e+03 9.9849811794757843e+03 9.9818095316886902e+03
  9.9810024168491364e+03 9.9770114738941193e+03 9.9759903538227081e+03
  9.9740132093429565e+03 9.9729522435665131e+03 9.9689529957771301e+03
  9.9679507796764374e+03 9.9669438643455505e+03 9.9640021708011627e+03
  9.9639818406105042e+03 9.9590122945308685e+03</reward>
<time>
  1.9921498298645020e+00 2.0222110748291016e+00 9.9891006946563721e+00
  1.2049398660659790e+01 1.5018820524215698e+01 1.8190468311309814e+01
  1.8997583150863647e+01 2.2988526105880737e+01 2.4009646177291870e+01
  2.5986790657043457e+01 2.7047756433486938e+01 3.1047004222869873e+01
  3.2049220323562622e+01 3.3056135654449463e+01 3.5997829198837280e+01
  3.6018159389495850e+01 4.0987705469131470e+01</time>
</opencv_storage>
