<?xml version="1.0"?>
<opencv_storage>
<task_selection_method>mcts_task_by_completion_reward_gradient</task_selection_method>
<param>34</param>
<map_name>osu_field</map_name>
<num_agents>3</num_agents>
<num_nodes>100</num_nodes>
<reward>
  4.7704172185701026e+02 4.1633206885440717e+02 4.1791601528275896e+02
  4.0495677728718522e+02 3.9095405609192602e+02 4.3407735042610864e+02
  4.1692360674247362e+02 4.6253614333588843e+02 2.1004327231147687e+02
  0. 3.7674159086992199e+02 4.0391643615218436e+02
  3.1963693243479827e+02 4.5352312290413334e+02 3.2261535349296742e+02
  2.2095558278305944e+02 4.2820356269636108e+02 2.8770989970309211e+02
  2.5933749545255051e+02 2.6138311171564021e+02 3.9156148102205123e+02
  0. 0. 0. 4.5799440418638090e+02 2.5155532645856337e+02
  2.3092661297741944e+02 3.3987836622640742e+02 3.8477311116062805e+02
  2.3487867751214719e+02 2.7352523987393835e+02 2.0125716174158768e+02
  2.1190145787846259e+02 2.2801599304134260e+02 2.1537280853407310e+02
  3.3669257214134490e+02 0.</reward>
<time>
  5.2991583585739136e+01 5.8001032114028931e+01 7.9992490530014038e+01
  9.5002385139465332e+01 9.6992562770843506e+01 1.0599313282966614e+02
  1.0799133014678955e+02 1.1200042223930359e+02 1.1700129246711731e+02
  1.2200090336799622e+02 1.2500077438354492e+02 1.2899132156372070e+02
  1.3600159692764282e+02 1.3799102330207825e+02 1.7000242209434509e+02
  1.7500140523910522e+02 1.8099112772941589e+02 1.8200205969810486e+02
  1.8800053691864014e+02 1.9400164151191711e+02 2.0099181413650513e+02
  2.0300251340866089e+02 2.0899201655387878e+02 2.1399217271804810e+02
  2.1699276280403137e+02 2.2400162816047668e+02 2.3699284791946411e+02
  2.3900165510177612e+02 2.4600150823593140e+02 2.5000097799301147e+02
  2.5299130558967590e+02 2.6100208091735840e+02 2.6200068235397339e+02
  2.6899196910858154e+02 2.7399228692054749e+02 2.7999265789985657e+02
  2.9999118971824646e+02</time>
<cumulative_reward>1.0723137313148289e+04</cumulative_reward>
</opencv_storage>
