<?xml version="1.0"?>
<opencv_storage>
<task_selection_method>mcts_task_by_completion_reward_gradient</task_selection_method>
<param>1</param>
<num_agents>2</num_agents>
<num_nodes>100</num_nodes>
<reward>
  1.9826641233177799e+02 3.4779481703848978e+02 2.0008559116376310e+02
  4.7241337748646720e+02 3.7117549789397589e+02 2.1466132274861525e+02
  3.7707434692650412e+02 3.8260502540041057e+02 3.7574634592671288e+02
  4.2154879846626704e+02 1.4540973454947570e+02 1.9148953189572040e+02
  1.8506336833646657e+02 3.2800914257080171e+02 2.0006594006514010e+02
  3.7988493958494905e+02 1.5807310406670828e+02 3.5952733455650065e+02</reward>
<time>
  1.3077382802963257e+01 1.4681481599807739e+01 1.8830396175384521e+01
  2.7202290534973145e+01 2.7612376451492310e+01 2.9681632995605469e+01
  3.7419469833374023e+01 3.9598479032516479e+01 4.6126822948455811e+01
  5.3423418283462524e+01 5.4970933675765991e+01 6.1173099279403687e+01
  6.5306726455688477e+01 8.4528707504272461e+01 8.5068803071975708e+01
  9.2011590003967285e+01 9.5538015365600586e+01 1.1684238076210022e+02</time>
<cumulative_reward>5.3088946310087458e+03</cumulative_reward>
</opencv_storage>
