<?xml version="1.0"?>
<opencv_storage>
<task_selection_method>greedy_completion_reward</task_selection_method>
<reward>
  9.9919998116493225e+03 9.9899996118545532e+03 9.9890029106140137e+03
  9.9830012428760529e+03 9.9819974153041840e+03 9.9810018360614777e+03
  9.9800013794898987e+03 9.9770006375312805e+03 9.9750003600120544e+03
  9.9739993064403534e+03 9.9649976353645325e+03 9.9600010588169098e+03
  9.9529997317790985e+03 9.9520006237030029e+03 9.9490027265548706e+03
  9.9450018236637115e+03 9.9409999811649323e+03 9.9390010929107666e+03
  9.9370010066032410e+03 9.9359994235038757e+03 9.9330025508403778e+03</reward>
<time>
  8.0001883506774902e+00 1.0000388145446777e+01 1.0997089385986328e+01
  1.6998757123947144e+01 1.8002584695816040e+01 1.8998163938522339e+01
  1.9998620510101318e+01 2.2999362468719482e+01 2.4999639987945557e+01
  2.6000693559646606e+01 3.5002364635467529e+01 3.9998941183090210e+01
  4.7000268220901489e+01 4.7999376296997070e+01 5.0997273445129395e+01
  5.4998176336288452e+01 5.9000018835067749e+01 6.0998907089233398e+01
  6.2998993396759033e+01 6.4000576496124268e+01 6.6997449159622192e+01</time>
</opencv_storage>
