<?xml version="1.0"?>
<opencv_storage>
<task_selection_method>mcts_task_by_completion_reward_gradient</task_selection_method>
<param>1</param>
<num_agents>7</num_agents>
<num_nodes>100</num_nodes>
<reward>
  3.9527365418163214e+02 3.7592669166297259e+02 1.6598855973320644e+02
  2.2963000724888744e+02 2.8886292932658540e+02 2.5197278574832660e+02
  3.9991369306848389e+02 3.8506030247153683e+02 4.7624686942066955e+02
  2.7300444067650329e+02 3.7882608611965884e+02 3.6997059694173231e+02
  4.0971716857874856e+02 3.7887064222839166e+02 1.8562818619715557e+02
  3.5961931280955355e+02 2.1259744874437774e+02 4.2392827331099170e+02
  3.5113984804820336e+02 2.0817275649145148e+02 3.8125972223472178e+02
  3.6596822489752134e+02 3.6234637097317204e+02 3.5751153720251051e+02
  2.0939814573980937e+02 2.0469177851883970e+02 3.8286215566958907e+02
  2.2171051479033056e+02 3.7362168664911616e+02 3.6270527687237490e+02
  3.6551900469372077e+02 1.8986659648361362e+02 2.4950076255995907e+02
  2.0613749997009285e+02</reward>
<time>
  3.9527058601379395e-01 4.5585179328918457e-01 4.6602320671081543e-01
  6.2500286102294922e-01 6.2500286102294922e-01 5.4878373146057129e+00
  6.0028719902038574e+00 8.5969274044036865e+00 9.5966417789459229e+00
  1.4070907354354858e+01 1.5397429227828979e+01 1.5689444541931152e+01
  1.6796656131744385e+01 2.0796887636184692e+01 2.0998364686965942e+01
  2.1457250833511353e+01 2.4798336029052734e+01 2.7994582176208496e+01
  3.1836708545684814e+01 3.2037363290786743e+01 3.5595046997070312e+01
  3.8076849699020386e+01 3.8626904726028442e+01 4.3436658382415771e+01
  4.3995893716812134e+01 4.5194963693618774e+01 4.5399642705917358e+01
  4.5995861053466797e+01 4.8200644969940186e+01 5.2046503067016602e+01
  5.4595730781555176e+01 5.4811247110366821e+01 5.5396104812622070e+01
  5.9199264287948608e+01</time>
<cumulative_reward>1.0753449530264441e+04</cumulative_reward>
</opencv_storage>
