<?xml version="1.0"?>
<opencv_storage>
<task_selection_method>mcts_task_by_completion_reward_gradient</task_selection_method>
<param>1</param>
<num_agents>3</num_agents>
<num_nodes>100</num_nodes>
<reward>
  3.4779481703848978e+02 3.7362168664911616e+02 3.7121683497949817e+02
  2.0955167217920689e+02 3.2800914257080171e+02 2.1073619496353263e+02
  4.7241337748646720e+02 3.7579539439947604e+02 2.1705060389379614e+02
  3.6036399096071460e+02 2.0811639730142858e+02 1.6598855973320644e+02
  3.6500720689637933e+02 1.9150921956215245e+02 1.9883501379202909e+02
  3.5958716423746489e+02 3.8005281849114232e+02 2.2161342925947943e+02
  3.8133695074790819e+02</reward>
<time>
  1.0302609682083130e+01 1.3194544792175293e+01 1.4303817987442017e+01
  1.8502788305282593e+01 2.0502618551254272e+01 2.4908220291137695e+01
  2.5723049163818359e+01 3.3703558921813965e+01 3.7702444076538086e+01
  4.0102456331253052e+01 4.1503827810287476e+01 4.8187140464782715e+01
  4.9702648639678955e+01 5.3104152917861938e+01 5.3903075456619263e+01
  5.4793833255767822e+01 5.6502065658569336e+01 5.7502429485321045e+01
  5.9903551340103149e+01</time>
<cumulative_reward>5.7386004751422906e+03</cumulative_reward>
</opencv_storage>
