<?xml version="1.0"?>
<opencv_storage>
<task_selection_method>mcts_task_by_completion_reward_gradient</task_selection_method>
<reward>
  9.9979566245079041e+03 9.9899533095359802e+03 9.9849451367855072e+03
  9.9819456691741943e+03 9.9809559392929077e+03 9.9769549117088318e+03
  9.9739539363384247e+03 9.9730060186386108e+03 9.9689459645748138e+03
  9.9679551544189453e+03 9.9639544231891632e+03 9.9639442732334137e+03
  9.9589547541141510e+03 9.9519552266597748e+03 9.9489560339450836e+03
  9.9429550831317902e+03 9.9259562926292419e+03</reward>
<time>
  2.0433754920959473e+00 1.0046690464019775e+01 1.5054863214492798e+01
  1.8054330825805664e+01 1.9044060707092285e+01 2.3045088291168213e+01
  2.6046063661575317e+01 2.6993981361389160e+01 3.1054035425186157e+01
  3.2044845581054688e+01 3.6045576810836792e+01 3.6055726766586304e+01
  4.1045245885848999e+01 4.8044773340225220e+01 5.1043966054916382e+01
  5.7044916868209839e+01 7.4043707370758057e+01</time>
</opencv_storage>
