<?xml version="1.0"?>
<opencv_storage>
<task_selection_method>greedy_completion_reward</task_selection_method>
<reward>
  9.9872784509658813e+03 9.9722786252498627e+03 9.9691659135818481e+03
  9.9681691071987152e+03 9.9622763977050781e+03 9.9582757186889648e+03
  9.9411660456657410e+03 9.9331705620288849e+03</reward>
<time>
  1.2721549034118652e+01 2.7721374750137329e+01 3.0834086418151855e+01
  3.1830892801284790e+01 3.7723602294921875e+01 4.1724281311035156e+01
  5.8833954334259033e+01 6.6829437971115112e+01</time>
</opencv_storage>
