<?xml version="1.0"?>
<opencv_storage>
<task_selection_method>greedy_completion_reward</task_selection_method>
<reward>
  9.9837964439392090e+03 9.9708440322875977e+03 9.9320016121864319e+03
  9.8932423231601715e+03 9.8673155603408813e+03 9.8501919472217560e+03
  9.8243461649417877e+03 9.8072155349254608e+03 9.7727261419296265e+03</reward>
<time>2.2727385807037354e+02</time>
</opencv_storage>
