<?xml version="1.0"?>
<opencv_storage>
<reward>
  9.9668979999999992e+03 9.9658999999999996e+03 9.9588999999999996e+03</reward>
<time>
  3.3101999999999997e+01 3.4100000000000001e+01 4.1100000000000001e+01</time>
</opencv_storage>
