<?xml version="1.0"?>
<opencv_storage>
<task_selection_method>mcts_task_by_completion_reward_gradient</task_selection_method>
<param>4</param>
<num_agents>3</num_agents>
<num_nodes>100</num_nodes>
<reward>
  3.5853934961078772e+02 2.9090558421239393e+02 1.2294306429538169e+02
  2.5393525645295537e+02 3.7813753719773746e+02 3.5784228005220689e+02
  3.6130931693539679e+02 2.6573802049042905e+02 3.4472036342032311e+02
  0.</reward>
<time>
  6.9975605010986328e+00 1.3397877216339111e+01 1.5659049272537231e+01
  1.7227650880813599e+01 2.1997923612594604e+01 2.4196828126907349e+01
  3.8600747346878052e+01 4.4198324918746948e+01 5.4397358179092407e+01
  6.0396344184875488e+01</time>
<cumulative_reward>2.7340707726676119e+03</cumulative_reward>
</opencv_storage>
