<?xml version="1.0"?>
<opencv_storage>
<task_selection_method>mcts_task_by_completion_reward_gradient</task_selection_method>
<param>2</param>
<num_agents>3</num_agents>
<num_nodes>100</num_nodes>
<reward>
  3.5679705772556531e+02 4.2197586349998431e+02 3.7533769179583487e+02
  4.8064810546944506e+02 3.3328725819397596e+02 1.8331700969761903e+02
  2.7003514451669065e+02 3.7302723820580690e+02 2.4233596729510737e+02
  2.2205184945013011e+02 4.6978694248763952e+02 3.5034046556462425e+02
  2.2057677738942203e+02 2.1124383117747229e+02 2.7503038270329864e+02
  2.3290300867176620e+02 4.9437035800870615e+02 4.7957488562361516e+02
  4.3544135289432398e+02</reward>
<time>
  8.3139572143554688e+00 1.1575025796890259e+01 1.3724104166030884e+01
  1.4113995790481567e+01 2.0513936758041382e+01 2.1913882493972778e+01
  2.2113911151885986e+01 2.5912843227386475e+01 2.7313774585723877e+01
  3.0112724542617798e+01 3.0714067935943604e+01 3.2912654161453247e+01
  4.1113848209381104e+01 4.4123699903488159e+01 4.9714194774627686e+01
  5.2113470792770386e+01 5.2313744306564331e+01 5.5512831449508667e+01
  5.6512753725051880e+01</time>
<cumulative_reward>6.4280811903710273e+03</cumulative_reward>
</opencv_storage>
