<?xml version="1.0"?>
<opencv_storage>
<reward>
  9.9597469999999994e+03 9.9557440000000006e+03 9.9357459999999992e+03
  9.9247459999999992e+03 9.9177459999999992e+03</reward>
<time>
  4.0253000000000000e+01 4.4256000000000000e+01 6.4254000000000005e+01
  7.5254000000000005e+01 8.2254000000000005e+01</time>
</opencv_storage>
