<?xml version="1.0"?>
<opencv_storage>
<task_selection_method>mcts_task_by_completion_reward_gradient</task_selection_method>
<reward>
  9.9908056848049164e+03 9.9890027613639832e+03 9.9880068421363831e+03
  9.9860065371990204e+03 9.9839843039512634e+03 9.9819869627952576e+03
  9.9800069947242737e+03 9.9759362840652466e+03 9.9749550907611847e+03
  9.9740078117847443e+03 9.9719563057422638e+03 9.9559949972629547e+03
  9.9550003159046173e+03 9.9550003159046173e+03 9.9459937701225281e+03
  9.9289864134788513e+03 9.9139939534664154e+03 9.8939859130382538e+03</reward>
<time>
  9.1943151950836182e+00 1.0997238636016846e+01 1.1993157863616943e+01
  1.3993462800979614e+01 1.6015696048736572e+01 1.8013037204742432e+01
  1.9993005275726318e+01 2.4063715934753418e+01 2.5044909238815308e+01
  2.5992188215255737e+01 2.8043694257736206e+01 4.4005002737045288e+01
  4.4999684095382690e+01 4.4999684095382690e+01 5.4006229877471924e+01
  7.1013586521148682e+01 8.6006046533584595e+01 1.0601408696174622e+02</time>
</opencv_storage>
