<?xml version="1.0"?>
<opencv_storage>
<task_selection_method>greedy_completion_reward</task_selection_method>
<reward>
  9.9979996752738953e+03 9.9979996752738953e+03 9.9960011599063873e+03
  9.9949999518394470e+03 9.9920010797977448e+03 9.9900002467632294e+03
  9.9870000693798065e+03 9.9829990668296814e+03 9.9829990668296814e+03
  9.9800010876655579e+03 9.9789999723434448e+03 9.9759994559288025e+03
  9.9690003986358643e+03 9.9610010199546814e+03 9.9559993047714233e+03
  9.9519999780654907e+03 9.9509999525547028e+03 9.9469989287853241e+03</reward>
<time>
  2.0003247261047363e+00 2.0003247261047363e+00 3.9988400936126709e+00
  5.0000481605529785e+00 7.9989202022552490e+00 9.9997532367706299e+00
  1.2999930620193481e+01 1.7000933170318604e+01 1.7000933170318604e+01
  1.9998912334442139e+01 2.1000027656555176e+01 2.4000544071197510e+01
  3.0999601364135742e+01 3.8998980045318604e+01 4.4000695228576660e+01
  4.8000021934509277e+01 4.9000047445297241e+01 5.3001071214675903e+01</time>
</opencv_storage>
