<?xml version="1.0"?>
<opencv_storage>
<task_selection_method>greedy_completion_reward</task_selection_method>
<param>34</param>
<map_name>osu_field</map_name>
<num_agents>1</num_agents>
<num_nodes>100</num_nodes>
<reward>
  4.7638913221339834e+02 4.6253614333588843e+02 4.5799440418638090e+02
  4.5352312290413334e+02 4.3407735042610864e+02 4.2820356269636108e+02
  4.0391643615218436e+02 4.0096986131163726e+02</reward>
<time>
  6.8336402893066406e+01 1.1254343271255493e+02 1.2879257559776306e+02
  1.5577987718582153e+02 2.0435041069984436e+02 2.6034199714660645e+02
  2.7555432128906250e+02 2.8778598427772522e+02</time>
<cumulative_reward>3.5176100132260926e+03</cumulative_reward>
</opencv_storage>
