<?xml version="1.0"?>
<opencv_storage>
<task_selection_method>mcts_task_by_completion_reward_gradient</task_selection_method>
<param>1</param>
<num_agents>5</num_agents>
<num_nodes>100</num_nodes>
<reward>
  1.9969634199142456e+02 1.9969634199142456e+02 1.9947287821769714e+02
  1.9820570659637451e+02 1.9786915969848633e+02 1.9729656887054443e+02
  1.9649586534500122e+02 1.9649586534500122e+02 1.9626545906066895e+02
  1.9609489965438843e+02 1.9509704899787903e+02 1.9442616510391235e+02
  1.9309602713584900e+02 1.9289540529251099e+02 1.9228515720367432e+02
  1.9189483737945557e+02 1.9181389331817627e+02 1.9127593231201172e+02
  1.9029530143737793e+02 1.8969546937942505e+02 1.8969546937942505e+02
  1.8769640207290649e+02 1.8709554171562195e+02 1.8566618680953979e+02
  1.8500501990318298e+02 1.8408498072624207e+02 1.8405552172660828e+02
  1.8129631328582764e+02 1.8009682607650757e+02 1.7969514703750610e+02
  1.7769619584083557e+02 1.7689599227905273e+02 1.7562577962875366e+02
  1.7549492716789246e+02 1.7501676797866821e+02 1.7427486419677734e+02
  1.7365439796447754e+02 1.7345392441749573e+02 1.7085619926452637e+02
  1.7069514274597168e+02 1.6866466140747070e+02 1.6829521369934082e+02
  1.6729634547233582e+02 1.6706826519966125e+02 1.6368003845214844e+02
  1.6361921215057373e+02 1.6149618625640869e+02 1.6108465242385864e+02
  1.5909505558013916e+02 1.5709398794174194e+02 1.5668284559249878e+02
  1.5509744262695312e+02 1.5462620449066162e+02 1.5409751057624817e+02
  1.5209642863273621e+02 1.5086715722084045e+02 1.5025669693946838e+02
  1.4924341511726379e+02 1.4584546470642090e+02 1.4442992734909058e+02</reward>
<time>
  3.0365800857543945e-01 3.0365800857543945e-01 5.2712178230285645e-01
  1.7942934036254883e+00 2.1308403015136719e+00 2.7034311294555664e+00
  3.5041346549987793e+00 3.5041346549987793e+00 3.7345409393310547e+00
  3.9051003456115723e+00 4.9029510021209717e+00 5.5738348960876465e+00
  6.9039728641510010e+00 7.1045947074890137e+00 7.7148427963256836e+00
  8.1051626205444336e+00 8.1861066818237305e+00 8.7240676879882812e+00
  9.7046985626220703e+00 1.0304530620574951e+01 1.0304530620574951e+01
  1.2303597927093506e+01 1.2904458284378052e+01 1.4333813190460205e+01
  1.4994980096817017e+01 1.5915019273757935e+01 1.5944478273391724e+01
  1.8703686714172363e+01 1.9903173923492432e+01 2.0304852962493896e+01
  2.2303804159164429e+01 2.3104007720947266e+01 2.4374220371246338e+01
  2.4505072832107544e+01 2.4983232021331787e+01 2.5725135803222656e+01
  2.6345602035522461e+01 2.6546075582504272e+01 2.9143800735473633e+01
  2.9304857254028320e+01 3.1335338592529297e+01 3.1704786300659180e+01
  3.2703654527664185e+01 3.2931734800338745e+01 3.6319961547851562e+01
  3.6380787849426270e+01 3.8503813743591309e+01 3.8915347576141357e+01
  4.0904944419860840e+01 4.2906012058258057e+01 4.3317154407501221e+01
  4.4902557373046875e+01 4.5373795509338379e+01 4.5902489423751831e+01
  4.7903571367263794e+01 4.9132842779159546e+01 4.9743303060531616e+01
  5.0756584882736206e+01 5.4154535293579102e+01 5.5570072650909424e+01</time>
<cumulative_reward>1.0639052636384964e+04</cumulative_reward>
</opencv_storage>
