<?xml version="1.0"?>
<opencv_storage>
<task_selection_method>greedy_completion_reward</task_selection_method>
<param>93</param>
<num_agents>5</num_agents>
<num_nodes>100</num_nodes>
<reward>
  3.1878816828782914e+02 3.1883744804983422e+02 3.1805298734710397e+02
  3.1793152277706696e+02 3.1748455654938522e+02 3.1627424399528309e+02
  3.1715089481617133e+02 3.1296111834428888e+02 3.1395721027963430e+02
  3.1222962232710995e+02 3.1145127035635460e+02 3.1106236529319318e+02
  3.1009608949805823e+02 3.1142662040107137e+02 3.0931379291533659e+02
  3.1119251781706083e+02 3.0931824005325672e+02 3.0932913472298969e+02
  3.0778184199540544e+02 3.0867150504056997e+02 3.0854946910793683e+02
  3.0722382447239193e+02 3.0953465049704613e+02 3.0584304880553208e+02
  3.0677230912201048e+02 0.</reward>
<time>
  3.7056615352630615e+00 5.3050551414489746e+00 7.5352087020874023e+00
  1.5135328054428101e+01 1.9707631111145020e+01 2.0104607582092285e+01
  2.3103198051452637e+01 2.3113581895828247e+01 2.4985382318496704e+01
  2.6304040193557739e+01 3.0506384134292603e+01 3.7516425848007202e+01
  3.7909559726715088e+01 4.1310160398483276e+01 4.5904930114746094e+01
  4.5904930114746094e+01 4.8905316114425659e+01 4.9316653966903687e+01
  5.1906777143478394e+01 5.2105447530746460e+01 5.2906416416168213e+01
  5.6986696958541870e+01 5.8704010725021362e+01 5.9105977773666382e+01
  5.9705157518386841e+01 6.0186938285827637e+01</time>
<cumulative_reward>7.8012344528719195e+03</cumulative_reward>
</opencv_storage>
