<?xml version="1.0"?>
<opencv_storage>
<task_selection_method>greedy_completion_reward</task_selection_method>
<param>4</param>
<num_agents>3</num_agents>
<num_nodes>100</num_nodes>
<reward>
  3.6360837598962650e+02 3.7813753719773746e+02 3.5784938528544194e+02
  3.5847981897722138e+02 1.2284709945011048e+02 2.6573802049042905e+02
  2.8982030897948857e+02 3.4472036342032311e+02 2.5757399098377050e+02
  2.6404541527041675e+02</reward>
<time>
  8.2006540298461914e+00 1.9420779228210449e+01 2.1800195455551147e+01
  2.3600080251693726e+01 3.0800179481506348e+01 4.1421099185943604e+01
  4.1800354242324829e+01 4.7001009464263916e+01 5.5400899648666382e+01
  5.6000800132751465e+01</time>
<cumulative_reward>3.0028203160445655e+03</cumulative_reward>
</opencv_storage>
