<?xml version="1.0"?>
<opencv_storage>
<task_selection_method>mcts_task_by_completion_reward_gradient</task_selection_method>
<param>3</param>
<num_agents>4</num_agents>
<num_nodes>100</num_nodes>
<reward>
  9.9604398965835571e+01 9.4942681312561035e+01 9.4202370405197144e+01
  9.3961578369140625e+01 8.9603723049163818e+01 8.9553255319595337e+01
  8.8983690261840820e+01 8.5806292533874512e+01 8.4401013374328613e+01
  8.4401013374328613e+01 8.3800637722015381e+01 8.3779614210128784e+01
  8.1401017904281616e+01 7.9404167175292969e+01 7.5562602758407593e+01
  7.2803568363189697e+01 6.7933736324310303e+01 6.6323817729949951e+01
  6.3602007150650024e+01 6.3361824750900269e+01 6.2571704626083374e+01
  5.6983660697937012e+01 5.2603248357772827e+01 4.7162028312683105e+01
  4.6602622985839844e+01 4.6161728382110596e+01 4.0143000125885010e+01
  3.4999158859252930e+01 2.6532809019088745e+01 2.1804190635681152e+01
  1.9403374195098877e+01</reward>
<time>
  3.9560103416442871e-01 5.0573186874389648e+00 5.7976295948028564e+00
  6.0384216308593750e+00 1.0396276950836182e+01 1.0446744680404663e+01
  1.1016309738159180e+01 1.4193707466125488e+01 1.5598986625671387e+01
  1.5598986625671387e+01 1.6199362277984619e+01 1.6220385789871216e+01
  1.8598982095718384e+01 2.0595832824707031e+01 2.4437397241592407e+01
  2.7196431636810303e+01 3.2066263675689697e+01 3.3676182270050049e+01
  3.6397992849349976e+01 3.6638175249099731e+01 3.7428295373916626e+01
  4.3016339302062988e+01 4.7396751642227173e+01 5.2837971687316895e+01
  5.3397377014160156e+01 5.3838271617889404e+01 5.9856999874114990e+01
  6.5000841140747070e+01 7.3467190980911255e+01 7.8195809364318848e+01
  8.0596625804901123e+01</time>
<cumulative_reward>2.0984005372524261e+03</cumulative_reward>
</opencv_storage>
