<?xml version="1.0"?>
<opencv_storage>
<task_selection_method>greedy_completion_reward</task_selection_method>
<reward>
  9.9960009255409241e+03 9.9919970073699951e+03 9.9900027852058411e+03
  9.9900027852058411e+03 9.9859999842643738e+03 9.9779989056587219e+03
  9.9749965546131134e+03 9.9690014717578888e+03 9.9679976320266724e+03
  9.9650020179748535e+03 9.9610007777214050e+03 9.9600001368522644e+03
  9.9569995803833008e+03 9.9519992036819458e+03 9.9399997332096100e+03
  9.9339996054172516e+03</reward>
<time>
  3.9990744590759277e+00 8.0029926300048828e+00 9.9972147941589355e+00
  9.9972147941589355e+00 1.4000015735626221e+01 2.2001094341278076e+01
  2.5003445386886597e+01 3.0998528242111206e+01 3.2002367973327637e+01
  3.4997982025146484e+01 3.8999222278594971e+01 3.9999863147735596e+01
  4.3000419616699219e+01 4.8000796318054199e+01 6.0000266790390015e+01
  6.6000394582748413e+01</time>
</opencv_storage>
