<?xml version="1.0"?>
<opencv_storage>
<task_selection_method>greedy_completion_reward</task_selection_method>
<param>34</param>
<num_agents>1</num_agents>
<num_nodes>100</num_nodes>
<reward>
  4.7580878900685678e+02 4.6253614333588843e+02 4.5799440418638090e+02
  4.5352312290413334e+02 4.3407735042610864e+02</reward>
<time>
  8.2000107526779175e+01 1.3000115942955017e+02 1.4601007699966431e+02
  1.6600120854377747e+02 2.1300059962272644e+02</time>
<cumulative_reward>2.2839398098593679e+03</cumulative_reward>
</opencv_storage>
