<?xml version="1.0"?>
<opencv_storage>
<task_selection_method>greedy_completion_reward</task_selection_method>
<reward>
  9.9980017368793488e+03 9.9889996469020844e+03 9.9769994807243347e+03
  9.9640030844211578e+03 9.9380006563663483e+03 9.9320008697509766e+03
  9.9070019240379333e+03 9.8989987199306488e+03 9.8930020973682404e+03
  9.8580023372173309e+03</reward>
<time>
  1.9982631206512451e+00 1.1000353097915649e+01 2.3000519275665283e+01
  3.5996915578842163e+01 6.1999343633651733e+01 6.7999130249023438e+01
  9.2998075962066650e+01 1.0100128006935120e+02 1.0699790263175964e+02
  1.4199766278266907e+02</time>
</opencv_storage>
