<?xml version="1.0"?>
<opencv_storage>
<task_selection_method>mcts_task_by_completion_reward_gradient</task_selection_method>
<reward>
  9.9978051588535309e+03 9.9838066689968109e+03 9.9768052527904510e+03
  9.9648038499355316e+03 9.9508037283420563e+03 9.9378066294193268e+03
  9.9118040864467621e+03 9.8988045215606689e+03</reward>
<time>
  2.1948411464691162e+00 1.6193331003189087e+01 2.3194747209548950e+01
  3.5196150064468384e+01 4.9196271657943726e+01 6.2193370580673218e+01
  8.8195913553237915e+01 1.0119547843933105e+02</time>
</opencv_storage>
