<?xml version="1.0"?>
<opencv_storage>
<task_selection_method>greedy_completion_reward</task_selection_method>
<param>2</param>
<num_agents>2</num_agents>
<num_nodes>100</num_nodes>
<reward>
  1.9399634742736816e+02 1.9079644823074341e+02 1.8679599595069885e+02
  1.8216841983795166e+02 1.7780031037330627e+02 1.6980178809165955e+02
  1.6559898257255554e+02 1.5976871633529663e+02 1.5299769759178162e+02
  1.4936973929405212e+02 1.4419997596740723e+02 1.3899567866325378e+02
  1.3620090079307556e+02 1.3496784424781799e+02 1.3100144958496094e+02
  1.2900119447708130e+02 1.2679739570617676e+02 1.1699675178527832e+02
  1.0137050771713257e+02 9.8765577077865601e+01 9.4568257093429565e+01
  8.2797809839248657e+01 7.3996662378311157e+01 7.0599053859710693e+01
  6.2196572303771973e+01 5.5996415853500366e+01 5.3399610757827759e+01
  1.6997595310211182e+01</reward>
<time>
  6.0036525726318359e+00 9.2035517692565918e+00 1.3204004049301147e+01
  1.7831580162048340e+01 2.2199689626693726e+01 3.0198211908340454e+01
  3.4401017427444458e+01 4.0231283664703369e+01 4.7002302408218384e+01
  5.0630260705947876e+01 5.5800024032592773e+01 6.1004321336746216e+01
  6.3799099206924438e+01 6.5032155752182007e+01 6.8998550415039062e+01
  7.0998805522918701e+01 7.3202604293823242e+01 8.3003248214721680e+01
  9.8629492282867432e+01 1.0123442292213440e+02 1.0543174290657043e+02
  1.1720219016075134e+02 1.2600333762168884e+02 1.2940094614028931e+02
  1.3780342769622803e+02 1.4400358414649963e+02 1.4660038924217224e+02
  1.8300240468978882e+02</time>
<cumulative_reward>3.4979436991214752e+03</cumulative_reward>
</opencv_storage>
