<?xml version="1.0"?>
<opencv_storage>
<task_selection_method>greedy_completion_reward</task_selection_method>
<reward>
  9.9980097222328186e+03 9.9854100410938263e+03 9.9686100976467133e+03
  9.9561091940402985e+03</reward>
<time>4.3890805959701538e+01</time>
</opencv_storage>
