<?xml version="1.0"?>
<opencv_storage>
<task_selection_method>greedy_completion_reward</task_selection_method>
<param>4</param>
<num_agents>7</num_agents>
<num_nodes>100</num_nodes>
<reward>
  3.5026661893940030e+02 3.5258179439386026e+02 3.4777053901424603e+02
  3.7178540572088701e+02 3.6295628419419415e+02 3.5854239590280491e+02
  3.7365600400928179e+02 3.6358463184327326e+02 2.1726369355710014e+02
  3.5690522418733752e+02 2.5459105758211857e+02 3.4401718396440828e+02
  3.5961945207677456e+02 3.4843113436441587e+02 3.5616634746387626e+02
  2.2905196430695145e+02 2.5481063624883060e+02 2.9223202766114554e+02
  2.2062416908693200e+02 2.5951972828688855e+02 3.4106888647695581e+02
  2.5351635322983455e+02 3.0732624161633089e+02 2.5478741309400797e+02
  3.0660007413608707e+02 2.7404401493241528e+02 2.5212886596723183e+02
  2.1682940152952824e+02 2.5816472111369325e+02 2.5757399098377050e+02
  1.7530550343167403e+02 2.6404541527041675e+02 2.5393525645295537e+02
  2.4484447151056506e+02 2.4690792188162899e+02 2.4468021830056767e+02
  2.2042138400844715e+02 0.</reward>
<time>
  5.1544404029846191e-01 4.7173917293548584e+00 4.7173917293548584e+00
  5.1146204471588135e+00 5.7152972221374512e+00 6.1480531692504883e+00
  6.9562668800354004e+00 8.5146191120147705e+00 8.9663355350494385e+00
  1.2518820285797119e+01 1.5366885662078857e+01 1.8316429376602173e+01
  2.1914404869079590e+01 2.3315093040466309e+01 2.7957909584045410e+01
  2.8568552732467651e+01 2.9175101518630981e+01 3.3514729261398315e+01
  3.4317312955856323e+01 3.4714428663253784e+01 3.4913836240768433e+01
  3.5314629077911377e+01 3.7587599992752075e+01 3.7714387178421021e+01
  3.7755043983459473e+01 3.9116293668746948e+01 4.1555998325347900e+01
  4.2117438793182373e+01 4.4714806795120239e+01 4.6315005064010620e+01
  4.9713667869567871e+01 5.0517328023910522e+01 5.0548124313354492e+01
  5.1715678453445435e+01 5.4516906976699829e+01 5.8514626264572144e+01
  5.9716266632080078e+01 6.0114966869354248e+01</time>
<cumulative_reward>1.0746556426740835e+04</cumulative_reward>
</opencv_storage>
