<?xml version="1.0"?>
<opencv_storage>
<task_selection_method>greedy_completion_reward</task_selection_method>
<reward>
  9.9690011203289032e+03 9.9630036523342133e+03 9.9590043210983276e+03
  9.9420026671886444e+03 9.9340018863677979e+03 9.8900047972202301e+03
  9.8870020928382874e+03 9.8700017311573029e+03</reward>
<time>
  3.0998879671096802e+01 3.6996347665786743e+01 4.0995678901672363e+01
  5.7997332811355591e+01 6.5998113632202148e+01 1.0999520277976990e+02
  1.1299790716171265e+02 1.2999826884269714e+02</time>
</opencv_storage>
