<?xml version="1.0"?>
<opencv_storage>
<task_selection_method>mcts_task_by_completion_reward_gradient</task_selection_method>
<param>4</param>
<num_agents>2</num_agents>
<num_nodes>100</num_nodes>
<reward>
  1.9318967556953430e+02 1.9074807310104370e+02 1.8433871650695801e+02
  1.8018739676475525e+02 1.7619832873344421e+02 1.6559988832473755e+02
  1.6500065755844116e+02 1.6419963955879211e+02 1.5779881191253662e+02
  1.5598810529708862e+02 1.5359855628013611e+02 1.4420098829269409e+02
  1.3019996309280396e+02 1.1990838432312012e+02 1.0673984909057617e+02
  1.0079856801033020e+02</reward>
<time>
  6.8103244304656982e+00 9.2519268989562988e+00 1.5661283493041992e+01
  1.9812603235244751e+01 2.3801671266555786e+01 3.4400111675262451e+01
  3.4999342441558838e+01 3.5800360441207886e+01 4.2201188087463379e+01
  4.4011894702911377e+01 4.6401443719863892e+01 5.5799011707305908e+01
  6.9800036907196045e+01 8.0091615676879883e+01 9.3260150909423828e+01
  9.9201431989669800e+01</time>
<cumulative_reward>2.4886956024169922e+03</cumulative_reward>
</opencv_storage>
