<?xml version="1.0"?>
<opencv_storage>
<task_selection_method>greedy_completion_reward</task_selection_method>
<param>1</param>
<num_agents>2</num_agents>
<num_nodes>100</num_nodes>
<reward>
  1.9632204866409302e+02 1.9455364251136780e+02 1.9359483337402344e+02
  1.8975486445426941e+02 1.8635438370704651e+02 1.8319301533699036e+02
  1.7952106142044067e+02 1.7939241504669189e+02 1.7232656764984131e+02
  1.6732350301742554e+02 1.6572368240356445e+02 1.5852374696731567e+02
  1.5452632832527161e+02 1.5415418863296509e+02 1.5212165164947510e+02
  1.4519479513168335e+02 1.4519479513168335e+02 1.4019484877586365e+02
  1.3672749829292297e+02 1.3355200695991516e+02 1.2019290733337402e+02
  1.0612456774711609e+02 9.7351416349411011e+01 9.1993102788925171e+01
  8.6792927026748657e+01 4.0795041322708130e+01 3.0394294261932373e+01</reward>
<time>
  3.6779513359069824e+00 5.4463574886322021e+00 6.4051666259765625e+00
  1.0245135545730591e+01 1.3645616292953491e+01 1.6806984663009644e+01
  2.0478938579559326e+01 2.0607584953308105e+01 2.7673432350158691e+01
  3.2676496982574463e+01 3.4276317596435547e+01 4.1476253032684326e+01
  4.5473671674728394e+01 4.5845811367034912e+01 4.7878348350524902e+01
  5.4805204868316650e+01 5.4805204868316650e+01 5.9805151224136353e+01
  6.3272501707077026e+01 6.6447993040084839e+01 7.9807092666625977e+01
  9.3875432252883911e+01 1.0264858365058899e+02 1.0800689721107483e+02
  1.1320707297325134e+02 1.5920495867729187e+02 1.6960570573806763e+02</time>
<cumulative_reward>3.9018941342830658e+03</cumulative_reward>
</opencv_storage>
