<?xml version="1.0"?>
<opencv_storage>
<task_selection_method>mcts_task_by_completion_reward_gradient</task_selection_method>
<param>34</param>
<num_agents>5</num_agents>
<num_nodes>100</num_nodes>
<reward>
  1.9729708838462830e+02 1.9609540486335754e+02 1.9529632663726807e+02
  1.9369742536544800e+02 1.9249532365798950e+02 1.9229632687568665e+02
  1.9189531111717224e+02 1.9089564061164856e+02 1.9067838573455811e+02
  1.8889676094055176e+02 1.8849440908432007e+02 1.8529509687423706e+02
  1.8509422564506531e+02 1.8464453315734863e+02 1.8240428590774536e+02
  1.8088568639755249e+02 1.8047576379776001e+02 1.7643315839767456e+02
  1.7504642391204834e+02 1.7309636378288269e+02 1.7249504446983337e+02
  1.7106504631042480e+02 1.7023692202568054e+02 1.6985511493682861e+02
  1.6589443969726562e+02 1.6489750552177429e+02 1.6209448742866516e+02
  1.6029500865936279e+02 1.5549462842941284e+02 1.5348674011230469e+02</reward>
<time>
  2.7029116153717041e+00 3.9045951366424561e+00 4.7036733627319336e+00
  6.3025746345520020e+00 7.5046763420104980e+00 7.7036731243133545e+00
  8.1046888828277588e+00 9.1043593883514404e+00 9.3216142654418945e+00
  1.1103239059448242e+01 1.1505590915679932e+01 1.4704903125762939e+01
  1.4905774354934692e+01 1.5355466842651367e+01 1.7595714092254639e+01
  1.9114313602447510e+01 1.9524236202239990e+01 2.3566841602325439e+01
  2.4953576087951660e+01 2.6903636217117310e+01 2.7504955530166626e+01
  2.8934953689575195e+01 2.9763077974319458e+01 3.0144885063171387e+01
  3.4105560302734375e+01 3.5102494478225708e+01 3.7905512571334839e+01
  3.9704991340637207e+01 4.4505371570587158e+01 4.6513259887695312e+01</time>
<cumulative_reward>5.3872288787364960e+03</cumulative_reward>
</opencv_storage>
