<?xml version="1.0"?>
<opencv_storage>
<task_selection_method>greedy_completion_reward</task_selection_method>
<reward>
  9.9831785652637482e+03 9.9706749475002289e+03</reward>
<time>2.9325052499771118e+01</time>
</opencv_storage>
