<?xml version="1.0"?>
<opencv_storage>
<task_selection_method>mcts_task_by_completion_reward_gradient</task_selection_method>
<param>5</param>
<num_agents>2</num_agents>
<num_nodes>100</num_nodes>
<reward>
  1.9959921813011169e+02 1.9618745541572571e+02 1.9093536067008972e+02
  1.8594835066795349e+02 1.8059786558151245e+02 1.7519910001754761e+02
  1.7455749487876892e+02 1.7079832267761230e+02 1.6716928863525391e+02
  1.6559952640533447e+02 1.6019608974456787e+02 1.5599876141548157e+02
  1.4979732394218445e+02 1.4832808613777161e+02 1.4239938592910767e+02
  1.3872822761535645e+02 1.3599945116043091e+02 1.3171802043914795e+02
  1.1839999079704285e+02 1.0379980373382568e+02</reward>
<time>
  4.0078186988830566e-01 3.8125445842742920e+00 9.0646393299102783e+00
  1.4051649332046509e+01 1.9402134418487549e+01 2.4800899982452393e+01
  2.5442505121231079e+01 2.9201677322387695e+01 3.2830711364746094e+01
  3.4400473594665527e+01 3.9803910255432129e+01 4.4001238584518433e+01
  5.0202676057815552e+01 5.1671913862228394e+01 5.7600614070892334e+01
  6.1271772384643555e+01 6.4000548839569092e+01 6.8281979560852051e+01
  8.1600009202957153e+01 9.6200196266174316e+01</time>
<cumulative_reward>3.1919571239948273e+03</cumulative_reward>
</opencv_storage>
