<?xml version="1.0"?>
<opencv_storage>
<task_selection_method>mcts_task_by_completion_reward_gradient</task_selection_method>
<reward>
  9.9819165728092194e+03 9.9689152107238770e+03 9.9559162447452545e+03
  9.9398076703548431e+03</reward>
<time>
  1.8083427190780640e+01 3.1084789276123047e+01 4.4083755254745483e+01
  6.0192329645156860e+01</time>
</opencv_storage>
