<?xml version="1.0"?>
<opencv_storage>
<task_selection_method>mcts_task_by_completion_reward_gradient</task_selection_method>
<reward>
  9.9979122018814087e+03 9.9889736039638519e+03 9.9829745826721191e+03
  9.9719736237525940e+03 9.9549745488166809e+03 9.9439742810726166e+03
  9.9259746794700623e+03 9.9129736514091492e+03 9.8999743618965149e+03
  9.8879743945598602e+03 9.8679746708869934e+03</reward>
<time>
  2.0877981185913086e+00 1.1026396036148071e+01 1.7025417327880859e+01
  2.8026376247406006e+01 4.5025451183319092e+01 5.6025718927383423e+01
  7.4025320529937744e+01 8.7026348590850830e+01 1.0002563810348511e+02
  1.1202560544013977e+02 1.3202532911300659e+02</time>
</opencv_storage>
