<?xml version="1.0"?>
<opencv_storage>
<task_selection_method>greedy_completion_reward</task_selection_method>
<param>4</param>
<num_agents>2</num_agents>
<num_nodes>100</num_nodes>
<reward>
  3.6359936422542967e+02 3.7813753719773746e+02 1.2284636679168268e+02
  3.5844206422847230e+02 2.8981594291566097e+02 3.5776300901953584e+02
  2.6404541527041675e+02</reward>
<time>
  8.3198151588439941e+00 1.9518955707550049e+01 3.0915822267532349e+01
  3.4130944490432739e+01 4.1914832115173340e+01 5.0938593387603760e+01
  5.6115378141403198e+01</time>
<cumulative_reward>2.1346496996489359e+03</cumulative_reward>
</opencv_storage>
