<?xml version="1.0"?>
<opencv_storage>
<task_selection_method>greedy_completion_reward</task_selection_method>
<reward>
  9.9970014920234680e+03 9.9926098990440369e+03 9.9781096370220184e+03
  9.9730043461322784e+03</reward>
<time>2.6995653867721558e+01</time>
</opencv_storage>
