<?xml version="1.0"?>
<opencv_storage>
<task_selection_method>greedy_completion_reward</task_selection_method>
<reward>
  9.9871426885128021e+03 9.9864083168506622e+03 9.9832433347702026e+03</reward>
<time>1.6756665229797363e+01</time>
</opencv_storage>
