<?xml version="1.0"?>
<opencv_storage>
<task_selection_method>greedy_completion_reward</task_selection_method>
<param>12</param>
<num_agents>5</num_agents>
<num_nodes>100</num_nodes>
<reward>
  4.5773252721747792e+02 4.5543817486284013e+02 4.4598727086206736e+02
  4.4647173684342789e+02 4.4766108096332943e+02 4.4701728522543465e+02
  4.3799318758925568e+02 4.3710047188602442e+02 4.3417567635635476e+02
  4.3636330529828314e+02 4.2800833395518407e+02 4.3129018529546568e+02
  4.2751496052739083e+02 4.3309743861393230e+02 4.2561543572016296e+02
  4.2659473743554042e+02 4.1303578695753788e+02 4.2183609374185710e+02
  4.1406724187497338e+02 1.7706465920146260e+02 4.2415486151854253e+02
  2.1807966992958927e+02 2.1987270893411812e+02</reward>
<time>
  9.1599488258361816e-01 6.3146767616271973e+00 1.2517577409744263e+01
  1.3200592756271362e+01 1.4140016794204712e+01 1.5550013780593872e+01
  2.5737663030624390e+01 2.7939759492874146e+01 3.0119817495346069e+01
  3.0516845703125000e+01 4.0547673225402832e+01 4.8115419149398804e+01
  4.8937783956527710e+01 5.0313820362091064e+01 5.1914713621139526e+01
  5.2138083219528198e+01 5.3919451236724854e+01 5.4315746068954468e+01
  5.6118699312210083e+01 5.7195782423019409e+01 5.8526379346847534e+01
  5.8948018074035645e+01 5.9316947460174561e+01</time>
<cumulative_reward>9.3061728308102502e+03</cumulative_reward>
</opencv_storage>
