<?xml version="1.0"?>
<opencv_storage>
<task_selection_method>greedy_completion_reward</task_selection_method>
<reward>
  9.9988002431392670e+03 9.9785981822013855e+03 9.9722270843982697e+03
  9.9685600783824921e+03 9.9566653826236725e+03 9.9303190925121307e+03
  9.9290647306442261e+03 9.9145886390209198e+03 9.8802108850479126e+03</reward>
<time>1.1978911495208740e+02</time>
</opencv_storage>
