<?xml version="1.0"?>
<opencv_storage>
<task_selection_method>mcts_task_by_completion_reward_gradient</task_selection_method>
<param>34</param>
<map_name>osu_field</map_name>
<num_agents>3</num_agents>
<num_nodes>100</num_nodes>
<reward>
  4.3407735042610864e+02 4.7695669568172588e+02 3.9156148102205123e+02
  0. 4.5799440418638090e+02 0. 4.1791601528275896e+02 0.
  4.5352312290413334e+02 0. 0. 4.0267731360374211e+02
  2.8656214885674422e+02 4.0391643615218436e+02 0.
  4.2820356269636108e+02 0. 2.7352523987393835e+02
  3.7398927052024288e+02 0. 0.</reward>
<time>
  2.3989907741546631e+01 5.4989676713943481e+01 7.8988978862762451e+01
  8.8991098403930664e+01 1.0499035644531250e+02 1.0998804640769958e+02
  1.4098884105682373e+02 1.4899028635025024e+02 1.5698888659477234e+02
  1.6498856353759766e+02 1.8898998785018921e+02 2.0499009442329407e+02
  2.1198951101303101e+02 2.1598829603195190e+02 2.2699044585227966e+02
  2.3598937773704529e+02 2.4499019098281860e+02 2.7899792861938477e+02
  2.8199010324478149e+02 2.8499027490615845e+02 3.0098952889442444e+02</time>
<cumulative_reward>4.8009030412063721e+03</cumulative_reward>
</opencv_storage>
