<?xml version="1.0"?>
<opencv_storage>
<task_selection_method>mcts_task_by_complettion_reward_gradient</task_selection_method>
<param>34</param>
<num_agents>2</num_agents>
<num_nodes>200</num_nodes>
<reward>
  0. 0. 0. 0. 0. 0. 0. 0. 0. 0. 0. 0. 0. 0. 0. 0. 0. 0. 0. 0. 0. 0. 0.
  0. 0. 0. 0. 0. 0. 0. 0. 0. 0. 0. 0. 0. 0. 0. 0. 0. 0. 0. 0. 0. 0. 0.
  0. 0. 0. 0. 0. 0. 0. 0. 0. 0. 0. 0. 0. 0. 0. 0. 0. 0. 0. 0. 0. 0. 0.
  0. 0. 0. 0. 0. 0. 0. 0. 0. 0. 0. 0. 0. 0. 0. 0. 0. 0. 0. 0. 0. 0. 0.
  0. 0. 0. 0. 0. 0. 0. 0. 0. 0. 0. 0. 0. 0. 0. 0. 0. 0. 0. 0. 0. 0. 0.
  0. 0. 0. 0. 0. 0. 0. 0. 0. 0. 0. 0. 0. 0. 0. 0. 0. 0. 0. 0.</reward>
<time>
  1.7972564697265625e-01 3.0959963798522949e-01 3.8045382499694824e-01
  5.0937390327453613e-01 5.8029365539550781e-01 7.0996284484863281e-01
  7.8052067756652832e-01 9.1001272201538086e-01 9.8011660575866699e-01
  1.1093478202819824e+00 1.1794655323028564e+00 1.3093039989471436e+00
  1.3798463344573975e+00 1.5099394321441650e+00 1.5805943012237549e+00
  1.7092704772949219e+00 1.7803270816802979e+00 1.9096658229827881e+00
  1.9799776077270508e+00 2.1099562644958496e+00 2.1804909706115723e+00
  2.3102915287017822e+00 2.3806481361389160e+00 2.5095376968383789e+00
  2.5804607868194580e+00 2.7090249061584473e+00 2.7792916297912598e+00
  2.9099974632263184e+00 2.9804069995880127e+00 3.1094264984130859e+00
  3.1805582046508789e+00 3.3097202777862549e+00 3.3807563781738281e+00
  3.5099523067474365e+00 3.5810427665710449e+00 3.7094852924346924e+00
  3.7801644802093506e+00 3.9092061519622803e+00 3.9801173210144043e+00
  4.1090369224548340e+00 4.1793327331542969e+00 4.3090631961822510e+00
  4.3797249794006348e+00 4.5098006725311279e+00 4.5805294513702393e+00
  4.7099320888519287e+00 4.7804741859436035e+00 4.9091780185699463e+00
  4.9795331954956055e+00 5.1097836494445801e+00 5.1801755428314209e+00
  5.3100392818450928e+00 5.3811497688293457e+00 5.5095300674438477e+00
  5.5805494785308838e+00 5.7096846103668213e+00 5.7802586555480957e+00
  5.9095983505249023e+00 5.9801349639892578e+00 6.1094465255737305e+00
  6.1799478530883789e+00 6.3097074031829834e+00 6.3798503875732422e+00
  6.5092403888702393e+00 6.5799486637115479e+00 6.7096223831176758e+00
  6.7803723812103271e+00 6.9202675819396973e+00 6.9803764820098877e+00
  7.1098592281341553e+00 7.1803753376007080e+00 7.3101918697357178e+00
  7.3803966045379639e+00 7.5100739002227783e+00 7.5809135437011719e+00
  7.7096109390258789e+00 7.7801511287689209e+00 7.9101326465606689e+00
  7.9809784889221191e+00 8.1101059913635254e+00 8.1809442043304443e+00
  8.3092637062072754e+00 8.3793888092041016e+00 8.5096175670623779e+00
  8.5798671245574951e+00 8.7097830772399902e+00 8.7800374031066895e+00
  8.9096896648406982e+00 8.9799349308013916e+00 9.1099474430084229e+00
  9.1805765628814697e+00 9.3095562458038330e+00 9.3802170753479004e+00
  9.5094952583312988e+00 9.5801835060119629e+00 9.7097742557525635e+00
  9.7799222469329834e+00 9.9100704193115234e+00 9.9808669090270996e+00
  1.0110258817672729e+01 1.0181055784225464e+01 1.0309459924697876e+01
  1.0380218267440796e+01 1.0509168148040771e+01 1.0580016613006592e+01
  1.0709301948547363e+01 1.0780392408370972e+01 1.0909360647201538e+01
  1.0980136156082153e+01 1.1109494209289551e+01 1.1180155515670776e+01
  1.1309735774993896e+01 1.1380509376525879e+01 1.1509811401367188e+01
  1.1580678701400757e+01 1.1710177183151245e+01 1.1781109094619751e+01
  1.1909145832061768e+01 1.1979440927505493e+01 1.2109702110290527e+01
  1.2180689334869385e+01 1.2315013408660889e+01 1.2375355958938599e+01
  1.2509689807891846e+01 1.2579761743545532e+01 1.2717358589172363e+01
  1.2778225660324097e+01 1.2909648418426514e+01 1.2979759693145752e+01
  1.3109305858612061e+01 1.3179640054702759e+01 1.3309609413146973e+01
  1.3380507946014404e+01 1.3509982109069824e+01 1.3580486774444580e+01</time>
<cumulative_reward>0.</cumulative_reward>
</opencv_storage>
