<?xml version="1.0"?>
<opencv_storage>
<task_selection_method>mcts_task_by_completion_reward_gradient</task_selection_method>
<reward>
  9.9979682483673096e+03 9.9979488444328308e+03 9.9979343733787537e+03
  9.9899668972492218e+03 9.9899276013374329e+03 9.9859465494155884e+03
  9.9859348025321960e+03 9.9819379057884216e+03 9.9779669957160950e+03
  9.9779466681480408e+03 9.9719661126136780e+03 9.9709365360736847e+03
  9.9619278004169464e+03 9.9549472141265869e+03 9.9509667885303497e+03
  9.9439480433464050e+03 9.9399684128761292e+03 9.9389469332695007e+03
  9.9329471414089203e+03 9.9219667770862579e+03 9.9180075852870941e+03</reward>
<time>
  2.0317516326904297e+00 2.0511555671691895e+00 2.0656266212463379e+00
  1.0033102750778198e+01 1.0072398662567139e+01 1.4053450584411621e+01
  1.4065197467803955e+01 1.8062094211578369e+01 2.2033004283905029e+01
  2.2053331851959229e+01 2.8033887386322021e+01 2.9063463926315308e+01
  3.8072199583053589e+01 4.5052785873413086e+01 4.9033211469650269e+01
  5.6051956653594971e+01 6.0031587123870850e+01 6.1053066730499268e+01
  6.7052858591079712e+01 7.8033222913742065e+01 8.1992414712905884e+01</time>
</opencv_storage>
