<?xml version="1.0"?>
<opencv_storage>
<task_selection_method>greedy_completion_reward</task_selection_method>
<reward>
  9.9980101251602173e+03 9.9912094635963440e+03</reward>
<time>8.7905364036560059e+00</time>
</opencv_storage>
