<?xml version="1.0"?>
<opencv_storage>
<task_selection_method>mcts_task_by_completion_reward_gradient</task_selection_method>
<param>11</param>
<num_agents>5</num_agents>
<num_nodes>100</num_nodes>
<reward>
  3.7559455403456224e+02 3.8969774317903023e+02 2.6828100944436881e+02
  3.4016863007944329e+02 2.7700729907845312e+02 3.9038544824351396e+02
  3.7155602381561641e+02 3.6838191790205775e+02 2.6342097742134263e+02
  3.7011506134416322e+02 3.4879232470800770e+02 3.3886384907471449e+02
  3.7048281638514476e+02 3.3857768286879480e+02 3.6872623910500880e+02
  3.6960222152557014e+02 2.7331927123325772e+02 2.7890331787098017e+02
  2.6993240981366660e+02 3.9122918522661814e+02 3.9249270472836872e+02
  3.4408227622506973e+02 3.5754786004577687e+02 2.6499361099466324e+02
  3.5920558869940339e+02 3.9034232212383569e+02 2.6876875081046097e+02
  2.6986835034511864e+02 3.5576462330702935e+02 2.7425072214375064e+02
  3.6352667143082266e+02 2.6557365992664393e+02 3.5121783851305264e+02
  2.7879434924192492e+02 3.7085906490450122e+02 3.5409396743439510e+02
  3.8167531476933698e+02 3.5790827866514365e+02 2.6397974002229967e+02
  2.6557961500250741e+02</reward>
<time>
  3.1160426139831543e-01 3.1160426139831543e-01 3.1160426139831543e-01
  3.1289339065551758e-01 5.0374269485473633e-01 2.3031196594238281e+00
  6.9036669731140137e+00 1.0303487062454224e+01 1.9595650196075439e+01
  2.7103648900985718e+01 2.8504776477813721e+01 2.9302845478057861e+01
  2.9302845478057861e+01 3.2103205919265747e+01 3.2348557949066162e+01
  3.3784319639205933e+01 3.6344675779342651e+01 3.7905025482177734e+01
  3.8914503812789917e+01 4.0154245376586914e+01 4.0373852729797363e+01
  4.1325308084487915e+01 4.3905388593673706e+01 4.5113824129104614e+01
  4.6903653621673584e+01 4.6903653621673584e+01 4.7913970470428467e+01
  4.9383076429367065e+01 5.1384676218032837e+01 5.2182939052581787e+01
  5.3913178205490112e+01 5.5103857278823853e+01 5.5336205005645752e+01
  5.5903543710708618e+01 5.6160901546478271e+01 5.6732966423034668e+01
  5.7911419868469238e+01 5.7911419868469238e+01 5.8708027839660645e+01
  5.9102211475372314e+01</time>
<cumulative_reward>1.3293563291688421e+04</cumulative_reward>
</opencv_storage>
