<?xml version="1.0"?>
<opencv_storage>
<task_selection_method>greedy_completion_reward</task_selection_method>
<param>5</param>
<num_agents>3</num_agents>
<num_nodes>100</num_nodes>
<reward>
  2.2875295874658499e+02 1.4049535090340973e+02 3.3666519188937616e+02
  2.0947635818277220e+02 2.5552427048329321e+02 3.1532064914848962e+02
  2.5483138090085697e+02 2.5008570470977330e+02 2.5222192841679822e+02
  2.5447448357773428e+02 1.3763596129442030e+02 2.4283874128602372e+02</reward>
<time>
  4.0184545516967773e-01 2.2603418111801147e+01 3.1202670812606812e+01
  3.3231891632080078e+01 3.4633951902389526e+01 4.4031656265258789e+01
  4.9600547552108765e+01 5.6602515697479248e+01 5.6802563667297363e+01
  5.7400922060012817e+01 5.9000187158584595e+01 5.9400872707366943e+01</time>
<cumulative_reward>2.8783229795395328e+03</cumulative_reward>
</opencv_storage>
