<?xml version="1.0"?>
<opencv_storage>
<task_selection_method>greedy_completion_reward</task_selection_method>
<reward>
  9.9980004885196686e+03 9.9980004885196686e+03 9.9980004885196686e+03
  9.9970016632080078e+03 9.9940010173320770e+03 9.9929985556602478e+03
  9.9929985556602478e+03 9.9910016624927521e+03 9.9910016624927521e+03
  9.9870020966529846e+03 9.9870020966529846e+03 9.9830006754398346e+03
  9.9750007596015930e+03 9.9750007596015930e+03 9.9740017678737640e+03
  9.9710010573863983e+03 9.9680019683837891e+03 9.9660003311634064e+03
  9.9630009064674377e+03 9.9569986011981964e+03 9.9560018262863159e+03
  9.9479985685348511e+03</reward>
<time>
  1.9995114803314209e+00 1.9995114803314209e+00 1.9995114803314209e+00
  2.9983367919921875e+00 5.9989826679229736e+00 7.0014443397521973e+00
  7.0014443397521973e+00 8.9983375072479248e+00 8.9983375072479248e+00
  1.2997903347015381e+01 1.2997903347015381e+01 1.6999324560165405e+01
  2.4999240398406982e+01 2.4999240398406982e+01 2.5998232126235962e+01
  2.8998942613601685e+01 3.1998031616210938e+01 3.3999668836593628e+01
  3.6999093532562256e+01 4.3001398801803589e+01 4.3998173713684082e+01
  5.2001431465148926e+01</time>
</opencv_storage>
