<?xml version="1.0"?>
<opencv_storage>
<task_selection_method>greedy_completion_reward</task_selection_method>
<reward>
  9.9980034468173981e+03 9.9980034468173981e+03 9.9980034468173981e+03
  9.9950012638568878e+03 9.9940033228397369e+03 9.9910021069049835e+03
  9.9870008981227875e+03 9.9850013391971588e+03 9.9840005769729614e+03
  9.9840005769729614e+03 9.9800025079250336e+03 9.9780030837059021e+03
  9.9770034074783325e+03 9.9770034074783325e+03 9.9730006864070892e+03
  9.9670022890567780e+03 9.9620005311965942e+03 9.9620005311965942e+03
  9.9560041995048523e+03 9.9520040192604065e+03 9.9400044627189636e+03</reward>
<time>
  1.9965531826019287e+00 1.9965531826019287e+00 1.9965531826019287e+00
  4.9987361431121826e+00 5.9966771602630615e+00 8.9978930950164795e+00
  1.2999101877212524e+01 1.4998660802841187e+01 1.5999423027038574e+01
  1.5999423027038574e+01 1.9997492074966431e+01 2.1996916294097900e+01
  2.2996592521667480e+01 2.2996592521667480e+01 2.6999313592910767e+01
  3.2997710943222046e+01 3.7999468803405762e+01 3.7999468803405762e+01
  4.3995800495147705e+01 4.7995980739593506e+01 5.9995537281036377e+01</time>
</opencv_storage>
