<?xml version="1.0"?>
<opencv_storage>
<task_selection_method>greedy_completion_reward</task_selection_method>
<reward>
  9.9980001144409180e+03 9.9949992272853851e+03 9.9920047836303711e+03
  9.9899998104572296e+03 9.9830004076957703e+03 9.9799989359378815e+03
  9.9799989359378815e+03 9.9610047421455383e+03 9.9570026068687439e+03
  9.9529993135929108e+03 9.9510027072429657e+03 9.9490036363601685e+03
  9.9480046629905701e+03 9.9409989476203918e+03 9.9370001046657562e+03
  9.9320008411407471e+03 9.9300022351741791e+03 9.9230007536411285e+03</reward>
<time>
  1.9998855590820312e+00 5.0007727146148682e+00 7.9952163696289062e+00
  1.0000189542770386e+01 1.6999592304229736e+01 2.0001064062118530e+01
  2.0001064062118530e+01 3.8995257854461670e+01 4.2997393131256104e+01
  4.7000686407089233e+01 4.8997292757034302e+01 5.0996363639831543e+01
  5.1995337009429932e+01 5.9001052379608154e+01 6.2999895334243774e+01
  6.7999158859252930e+01 6.9997764825820923e+01 7.6999246358871460e+01</time>
</opencv_storage>
