<?xml version="1.0"?>
<opencv_storage>
<task_selection_method>mcts_task_by_completion_reward_gradient</task_selection_method>
<param>5</param>
<num_agents>7</num_agents>
<num_nodes>100</num_nodes>
<reward>
  2.4438295262284353e+02 2.2875268146021051e+02 1.7721041829444675e+02
  2.3980270379975573e+02 3.1551626976295330e+02 3.0261231323578494e+02
  2.9648703592365439e+02 2.1674504627413174e+02 3.3960246830259524e+02
  1.3188795905215622e+02 2.4148854505293366e+02 2.7817825798715359e+02
  2.9172657043649616e+02 2.2550013241665479e+02 2.2858562157434008e+02
  2.3576869531435864e+02 2.5111810090787128e+02 2.5041033375451406e+02
  2.0089451884427172e+02 2.8523304502121903e+02 2.3800030084810925e+02
  1.7527638824924406e+02 1.5329777429585775e+02 1.3763596129442030e+02
  2.5636704290691642e+02 1.5929435759816758e+02 2.3147228281919948e+02
  2.4373397580981117e+02 3.3530942954345517e+02 2.2504888275554612e+02
  1.3909484980002006e+02 2.5012426017194124e+02 1.7140655253464402e+02
  2.5552427048329321e+02 2.3470623298629465e+02 1.4304820193470579e+02
  1.6976296095161285e+02 1.9003057895519254e+02 2.5079887787613339e+02
  2.4283874128602372e+02 2.4484463167424516e+02 2.3572045761785233e+02</reward>
<time>
  3.9607143402099609e-01 4.3692421913146973e-01 4.6644759178161621e-01
  4.8866052627563477e+00 5.3970832824707031e+00 5.8084254264831543e+00
  6.2655642032623291e+00 8.4351840019226074e+00 9.1947033405303955e+00
  1.2199080228805542e+01 1.7620666980743408e+01 2.1395548582077026e+01
  2.1994481325149536e+01 2.2394220829010010e+01 2.2835179805755615e+01
  2.3395566463470459e+01 2.5854371070861816e+01 2.7194441318511963e+01
  2.7845371723175049e+01 2.8399091958999634e+01 3.1436722517013550e+01
  3.2594908714294434e+01 3.4395945549011230e+01 3.6036253690719604e+01
  3.6686371803283691e+01 3.8066231012344360e+01 3.8594476699829102e+01
  4.3019280672073364e+01 4.3594309568405151e+01 4.4011072635650635e+01
  4.5661091089248657e+01 4.6195845603942871e+01 4.6997819185256958e+01
  4.8795082330703735e+01 5.1055337667465210e+01 5.1074668645858765e+01
  5.2614669322967529e+01 5.2664489746093750e+01 5.4284948587417603e+01
  5.7396902084350586e+01 5.8197775602340698e+01 5.9393780708312988e+01</time>
<cumulative_reward>9.6652406824310310e+03</cumulative_reward>
</opencv_storage>
