<?xml version="1.0"?>
<opencv_storage>
<task_selection_method>greedy_completion_reward</task_selection_method>
<reward>
  9.9980049271583557e+03 9.9873031055927277e+03 9.9849714231491089e+03
  9.9807030658721924e+03 9.9718706846237183e+03 9.9710043580532074e+03
  9.9674026961326599e+03 9.9623708961009979e+03 9.9395030326843262e+03</reward>
<time>6.0496967315673828e+01</time>
</opencv_storage>
