<?xml version="1.0"?>
<opencv_storage>
<task_selection_method>greedy_completion_reward</task_selection_method>
<reward>
  9.9970068421363831e+03 9.9822099511623383e+03</reward>
<time>1.7790048837661743e+01</time>
</opencv_storage>
