<?xml version="1.0"?>
<opencv_storage>
<task_selection_method>greedy_completion_reward</task_selection_method>
<reward>
  9.9980061123371124e+03 9.9980061123371124e+03 9.9980040314197540e+03
  9.9960061371326447e+03 9.9940089249610901e+03 9.9930095396041870e+03
  9.9920092661380768e+03 9.9880083794593811e+03 9.9860098505020142e+03
  9.9850088422298431e+03 9.9770062420368195e+03 9.9740057494640350e+03
  9.9730094275474548e+03 9.9620062801837921e+03 9.9600103995800018e+03
  9.9520088081359863e+03 9.9510064017772675e+03 9.9510053753852844e+03</reward>
<time>
  1.9938876628875732e+00 1.9938876628875732e+00 1.9959685802459717e+00
  3.9938628673553467e+00 5.9910750389099121e+00 6.9904603958129883e+00
  7.9907338619232178e+00 1.1991620540618896e+01 1.3990149497985840e+01
  1.4991157770156860e+01 2.2993757963180542e+01 2.5994250535964966e+01
  2.6990572452545166e+01 3.7993719816207886e+01 3.9989600419998169e+01
  4.7991191864013672e+01 4.8993598222732544e+01 4.8994624614715576e+01</time>
</opencv_storage>
