<?xml version="1.0"?>
<opencv_storage>
<task_selection_method>greedy_completion_reward</task_selection_method>
<param>34</param>
<num_agents>1</num_agents>
<num_nodes>100</num_nodes>
<reward>
  2.1124740777891367e+02 4.6719744143949686e+02 4.5799440418638090e+02
  4.4569555131917167e+02</reward>
<time>
  1.1221303462982178e+01 1.8201122522354126e+01 5.3006345510482788e+01
  6.9796009063720703e+01</time>
<cumulative_reward>1.5821348047239633e+03</cumulative_reward>
</opencv_storage>
