<?xml version="1.0"?>
<opencv_storage>
<task_selection_method>mcts_task_by_completion_reward_gradient</task_selection_method>
<param>50</param>
<num_agents>5</num_agents>
<num_nodes>100</num_nodes>
<reward>
  1.9949531292915344e+02 1.9949531292915344e+02 1.9760583186149597e+02
  1.9727315235137939e+02 1.9709524822235107e+02 1.9629529595375061e+02
  1.9487444591522217e+02 1.9485410141944885e+02 1.9469627594947815e+02
  1.9201565313339233e+02 1.9149622583389282e+02 1.9049495339393616e+02
  1.8969495058059692e+02 1.8929636645317078e+02 1.8924583101272583e+02
  1.8769621372222900e+02 1.8629625964164734e+02 1.8608401679992676e+02
  1.8540570783615112e+02 1.8521388101577759e+02 1.8149462485313416e+02
  1.8127401733398438e+02 1.7968423485755920e+02 1.7921555972099304e+02
  1.7789621186256409e+02 1.7644600725173950e+02 1.7507591915130615e+02
  1.7229621982574463e+02 1.7226531982421875e+02 1.7206157588958740e+02
  1.7169615387916565e+02 1.7089675045013428e+02 1.6789631628990173e+02
  1.6689566063880920e+02 1.6548634004592896e+02 1.6360609841346741e+02
  1.6189586663246155e+02 1.6089694857597351e+02 1.5986699366569519e+02
  1.5900559592247009e+02 1.5749733257293701e+02 1.5749733257293701e+02
  1.5381570768356323e+02 1.5289721298217773e+02 1.5123707795143127e+02
  1.4989649343490601e+02 1.4886685538291931e+02 1.4829605078697205e+02
  1.4487686443328857e+02</reward>
<time>
  5.0468707084655762e-01 5.0468707084655762e-01 2.3941681385040283e+00
  2.7268476486206055e+00 2.9047517776489258e+00 3.7047040462493896e+00
  5.1255540847778320e+00 5.1458985805511475e+00 5.3037240505218506e+00
  7.9843468666076660e+00 8.5037741661071777e+00 9.5050466060638428e+00
  1.0305049419403076e+01 1.0703633546829224e+01 1.0754168987274170e+01
  1.2303786277770996e+01 1.3703740358352661e+01 1.3915983200073242e+01
  1.4594292163848877e+01 1.4786118984222412e+01 1.8505375146865845e+01
  1.8725982666015625e+01 2.0315765142440796e+01 2.0784440279006958e+01
  2.2103788137435913e+01 2.3553992748260498e+01 2.4924080848693848e+01
  2.7703780174255371e+01 2.7734680175781250e+01 2.7938424110412598e+01
  2.8303846120834351e+01 2.9103249549865723e+01 3.2103683710098267e+01
  3.3104339361190796e+01 3.4513659954071045e+01 3.6393901586532593e+01
  3.8104133367538452e+01 3.9103051424026489e+01 4.0133006334304810e+01
  4.0994404077529907e+01 4.2502667427062988e+01 4.2502667427062988e+01
  4.6184292316436768e+01 4.7102787017822266e+01 4.8762922048568726e+01
  5.0103506565093994e+01 5.1133144617080688e+01 5.1703949213027954e+01
  5.5123135566711426e+01</time>
<cumulative_reward>8.6253583798408508e+03</cumulative_reward>
</opencv_storage>
