<?xml version="1.0"?>
<opencv_storage>
<task_selection_method>mcts_task_by_completion_reward_gradient</task_selection_method>
<param>1</param>
<num_agents>5</num_agents>
<num_nodes>100</num_nodes>
<reward>
  3.7592729263389441e+02 2.2963000724888744e+02 1.6598855973320644e+02
  3.6997635892519872e+02 3.8022875868790800e+02 4.7241337748646720e+02
  3.7119818416382373e+02 2.7082844219440682e+02 1.9158290843353083e+02
  1.8384695563118640e+02 3.5822174118912932e+02 3.8506030247153683e+02
  2.8839952815489562e+02 2.1168784510221369e+02 2.0477336635425493e+02
  3.7563425420740089e+02 4.2042332511354311e+02 3.8133695074790819e+02
  3.5113984804820336e+02 3.6551900469372077e+02 3.4779481703848978e+02
  2.0804949848012413e+02 4.7624686942066955e+02 3.6674300103507596e+02
  3.5958549631432294e+02 3.9744102656609300e+02 2.2159787671419517e+02
  0.</reward>
<time>
  3.0369782447814941e-01 3.1443119049072266e-01 3.2402563095092773e-01
  1.5545605421066284e+01 1.9304257154464722e+01 1.9517523288726807e+01
  2.0308302402496338e+01 2.0503989219665527e+01 2.2902932643890381e+01
  2.3702756643295288e+01 2.8704795598983765e+01 3.0303326845169067e+01
  3.0905048608779907e+01 3.1994497537612915e+01 3.3703418016433716e+01
  3.8335196495056152e+01 4.0955209970474243e+01 4.2574130058288574e+01
  4.4703943729400635e+01 4.8103657960891724e+01 4.9502832651138306e+01
  5.2743927001953125e+01 5.3502774953842163e+01 5.4902525186538696e+01
  5.6523473739624023e+01 5.7103938102722168e+01 5.9345715761184692e+01
  6.0503104686737061e+01</time>
<cumulative_reward>8.7312755967902885e+03</cumulative_reward>
</opencv_storage>
