<?xml version="1.0"?>
<opencv_storage>
<task_selection_method>mcts_task_by_completion_reward_gradient</task_selection_method>
<reward>
  9.9980060553550720e+03 9.9979853322505951e+03 9.9979649817943573e+03
  9.9899728486537933e+03 9.9898061599731445e+03 9.9860071997642517e+03
  9.9859967041015625e+03 9.9819595971107483e+03 9.9819297764301300e+03
  9.9780001022815704e+03 9.9759661495685577e+03 9.9750070228576660e+03
  9.9720059533119202e+03 9.9629858763217926e+03 9.9619647059440613e+03
  9.9589446129798889e+03 9.9510055663585663e+03 9.9439969484806061e+03
  9.9390055403709412e+03 9.9349899988174438e+03 9.9210067071914673e+03</reward>
<time>
  1.9939446449279785e+00 2.0146677494049072e+00 2.0350182056427002e+00
  1.0027151346206665e+01 1.0193840026855469e+01 1.3992800235748291e+01
  1.4003295898437500e+01 1.8040402889251709e+01 1.8070223569869995e+01
  2.1999897718429565e+01 2.4033850431442261e+01 2.4992977142333984e+01
  2.7994046688079834e+01 3.7014123678207397e+01 3.8035294055938721e+01
  4.1055387020111084e+01 4.8994433641433716e+01 5.6003051519393921e+01
  6.0994459629058838e+01 6.5010001182556152e+01 7.8993292808532715e+01</time>
</opencv_storage>
