<?xml version="1.0"?>
<opencv_storage>
<task_selection_method>mcts_task_by_completion_reward_gradient</task_selection_method>
<param>8</param>
<num_agents>5</num_agents>
<num_nodes>100</num_nodes>
<reward>
  4.2554140326963108e+02 4.1099525308672310e+02 3.7754444795003548e+02
  4.2061686519538455e+02 3.7780914155602829e+02 2.8942714342524476e+02
  2.8127708792444179e+02 3.4360996720174523e+02 3.3119328847172852e+02
  1.9405995378034947e+02 3.5980316013927688e+02 3.9319147032778147e+02
  3.0567217488715960e+02 1.9441322261688276e+02 1.8212243330533755e+02
  3.4719812385863577e+02 2.4641912906331652e+02 2.3967787548531686e+02
  2.1060416493774756e+02 4.0882295069930046e+02 3.0667243244053856e+02
  2.1968954628429981e+02 4.2111084594834733e+02 2.6741514759710594e+02
  1.9186649712055987e+02 2.1549674120874437e+02 2.7603663170566654e+02
  2.8302635580619256e+02 2.9039249807464194e+02 3.6449966354514248e+02
  2.6706810914448516e+02 3.0075539629568033e+02 2.7885285314234795e+02
  1.2608850564193469e+02 2.0567879973059755e+02 2.1661767388829756e+02
  2.2693397799685278e+02</reward>
<time>
  5.1046845912933350e+00 6.9040999412536621e+00 1.0755003690719604e+01
  1.4162554740905762e+01 1.6333886146545410e+01 2.1954898834228516e+01
  2.2544710159301758e+01 2.4184181928634644e+01 2.5703215122222900e+01
  2.8303168535232544e+01 2.8519981145858765e+01 2.9183973312377930e+01
  3.0194751977920532e+01 3.1754077672958374e+01 3.2703183889389038e+01
  3.4133700847625732e+01 3.5102049112319946e+01 3.7102400541305542e+01
  3.7711339712142944e+01 4.0356719493865967e+01 4.0544118165969849e+01
  4.1903122901916504e+01 4.2703144550323486e+01 4.3702090263366699e+01
  4.4102036476135254e+01 4.6182913064956665e+01 4.8162548065185547e+01
  4.8504210233688354e+01 4.9903112888336182e+01 5.1102042913436890e+01
  5.2302172183990479e+01 5.5502354621887207e+01 5.5789262056350708e+01
  5.6194684743881226e+01 5.6752872943878174e+01 5.7102558612823486e+01
  5.7753762722015381e+01</time>
<cumulative_reward>1.0798200932753502e+04</cumulative_reward>
</opencv_storage>
