<?xml version="1.0"?>
<opencv_storage>
<task_selection_method>greedy_completion_reward</task_selection_method>
<param>34</param>
<num_agents>1</num_agents>
<num_nodes>100</num_nodes>
<reward>
  1.9706308841705322e+02 1.8966321301460266e+02 1.7015801024436951e+02
  1.6115878152847290e+02 1.5936083865165710e+02</reward>
<time>
  2.9369115829467773e+00 1.0336786985397339e+01 2.9841989755630493e+01
  3.8841218471527100e+01 4.0639161348342896e+01</time>
<cumulative_reward>8.7740393185615540e+02</cumulative_reward>
</opencv_storage>
