<?xml version="1.0"?>
<opencv_storage>
<task_selection_method>greedy_completion_reward</task_selection_method>
<param>2</param>
<num_agents>5</num_agents>
<num_nodes>100</num_nodes>
<reward>
  4.9437035800870615e+02 4.3831518171876792e+02 2.6882752277999685e+02
  4.8086549860483234e+02 4.2197586349998431e+02 4.7957488562361516e+02
  4.6591863964165702e+02 3.7527417133758661e+02 4.2534062991934024e+02
  3.1323005630272263e+02 3.7292106839023995e+02 4.6983942106734378e+02
  2.7510445422698035e+02 2.4233596729510737e+02 3.3945622252798347e+02
  3.7145791644206957e+02 3.3753577588340823e+02 1.9362254727087253e+02
  2.7003514451669065e+02 2.1124383117747229e+02 2.6418370265335619e+02
  3.5679705772556531e+02 3.6939406915234883e+02 3.2488778080603311e+02
  2.4950700685365769e+02 2.1429793418753289e+02 3.3349224554615802e+02
  3.4942806567259316e+02</reward>
<time>
  3.3997693061828613e+00 7.5976965427398682e+00 8.8164451122283936e+00
  1.1597131490707397e+01 1.3887174129486084e+01 1.4042333364486694e+01
  1.4407160043716431e+01 1.5808668136596680e+01 1.6047827005386353e+01
  2.5628576755523682e+01 2.8196795463562012e+01 2.9830348968505859e+01
  3.1000774621963501e+01 3.3230310440063477e+01 3.3797819137573242e+01
  3.4486028671264648e+01 3.7399299144744873e+01 3.8415381431579590e+01
  4.1228268623352051e+01 4.1597751379013062e+01 4.3435496807098389e+01
  4.5678763866424561e+01 4.6617301940917969e+01 5.1209661722183228e+01
  5.2447221755981445e+01 5.5447241783142090e+01 5.6007776260375977e+01
  5.6596738338470459e+01</time>
<cumulative_reward>9.7092330188326214e+03</cumulative_reward>
</opencv_storage>
