<?xml version="1.0"?>
<opencv_storage>
<task_selection_method>mcts_task_by_completion_reward_gradient</task_selection_method>
<reward>
  9.9992012391090393e+03 9.9989796776771545e+03 9.9920016822814941e+03
  9.9900017275810242e+03 9.9892018570899963e+03 9.9889691560268402e+03
  9.9819991223812103e+03 9.9812012147903442e+03 9.9789484264850616e+03
  9.9779918684959412e+03 9.9742007312774658e+03 9.9712026553153992e+03
  9.9662024085521698e+03 9.9608028872013092e+03 9.9590028550624847e+03
  9.9581712937355042e+03 9.9369616401195526e+03</reward>
<time>
  7.9876089096069336e-01 1.0203223228454590e+00 7.9983177185058594e+00
  9.9982724189758301e+00 1.0798142910003662e+01 1.1030843973159790e+01
  1.8000877618789673e+01 1.8798785209655762e+01 2.1051573514938354e+01
  2.2008131504058838e+01 2.5799268722534180e+01 2.8797344684600830e+01
  3.3797591447830200e+01 3.9197112798690796e+01 4.0997144937515259e+01
  4.1828706264495850e+01 6.3038359880447388e+01</time>
</opencv_storage>
