<?xml version="1.0"?>
<opencv_storage>
<task_selection_method>greedy_completion_reward</task_selection_method>
<param>15</param>
<num_agents>5</num_agents>
<num_nodes>100</num_nodes>
<reward>
  4.4411511395658084e+02 4.4411817084866584e+02 4.4327118781681475e+02
  4.4364984004165387e+02 4.4251075182864446e+02 4.4302645530180729e+02
  4.4235585710972879e+02 4.4270268578962504e+02 4.4177992037830796e+02
  4.4196904567799174e+02 4.4152986589608963e+02 4.4030278184421934e+02
  4.4091958027825876e+02 4.3961825012919985e+02 4.3913783417085017e+02
  4.3770440703209147e+02 4.3622625415068353e+02 3.8586295270542121e+02
  3.7055799605054494e+02 4.3903133603902791e+02 3.0822736976396641e+02
  3.0397638348840007e+02 4.1015280597926272e+02 3.0778256992379312e+02
  2.6956178800465000e+02</reward>
<time>
  2.3095855712890625e+00 6.1057670116424561e+00 1.0596808910369873e+01
  1.2107802629470825e+01 1.8905511140823364e+01 2.2178263902664185e+01
  2.4908645153045654e+01 3.0176395177841187e+01 3.1708429336547852e+01
  3.5797614574432373e+01 4.0907642841339111e+01 4.3977250099182129e+01
  4.4707127571105957e+01 4.9107083559036255e+01 5.0507376909255981e+01
  5.2306764364242554e+01 5.2776045083999634e+01 5.2906584262847900e+01
  5.5506398916244507e+01 5.6396733283996582e+01 5.7187436342239380e+01
  5.8707385301589966e+01 5.8778084278106689e+01 5.9307417631149292e+01
  5.9507430553436279e+01</time>
<cumulative_reward>1.0300091204206281e+04</cumulative_reward>
</opencv_storage>
