<?xml version="1.0"?>
<opencv_storage>
<task_selection_method>greedy_completion_reward</task_selection_method>
<param>34</param>
<num_agents>3</num_agents>
<num_nodes>100</num_nodes>
<reward>
  4.6253614333588843e+02 3.9156148102205123e+02 4.5352312290413334e+02
  3.8477311116062805e+02 3.7570488677961390e+02 4.7120444214996627e+02
  4.1791601528275896e+02 3.4005094897002010e+02</reward>
<time>
  2.0998383998870850e+01 8.0996301174163818e+01 1.3099609446525574e+02
  1.5000138163566589e+02 1.8399818468093872e+02 1.9100001859664917e+02
  1.9899857950210571e+02 2.0999431705474854e+02</time>
<cumulative_reward>3.2972701516050606e+03</cumulative_reward>
</opencv_storage>
