<?xml version="1.0"?>
<opencv_storage>
<task_selection_method>greedy_completion_reward</task_selection_method>
<reward>
  9.9959969532489777e+03 9.9939973165988922e+03 9.9929987423419952e+03
  9.9909986903667450e+03 9.9870000159740448e+03 9.9849970450401306e+03
  9.9849970450401306e+03 9.9810014483928680e+03 9.9749967582225800e+03
  9.9639967153072357e+03 9.9609994690418243e+03 9.9500006668567657e+03
  9.9489993257522583e+03 9.9479980349540710e+03 9.9380001549720764e+03
  9.9289986727237701e+03 9.9289986727237701e+03 9.9200036020278931e+03</reward>
<time>
  4.0030467510223389e+00 6.0026834011077881e+00 7.0012576580047607e+00
  9.0013096332550049e+00 1.2999984025955200e+01 1.5002954959869385e+01
  1.5002954959869385e+01 1.8998551607131958e+01 2.5003241777420044e+01
  3.6003284692764282e+01 3.9000530958175659e+01 4.9999333143234253e+01
  5.1000674247741699e+01 5.2001965045928955e+01 6.1999845027923584e+01
  7.1001327276229858e+01 7.1001327276229858e+01 7.9996397972106934e+01</time>
</opencv_storage>
