<?xml version="1.0"?>
<opencv_storage>
<reward>
  9.9623310000000001e+03 9.9343299999999999e+03</reward>
<time>
  3.7668999999999997e+01 6.5670000000000002e+01</time>
</opencv_storage>
