<?xml version="1.0"?>
<opencv_storage>
<task_selection_method>greedy_completion_reward</task_selection_method>
<reward>
  9.9918093247413635e+03 9.9872499465942383e+03 9.9858489840030670e+03
  9.9716100199222565e+03 9.9455498139858246e+03 9.9356095559597015e+03</reward>
<time>6.4390444040298462e+01</time>
</opencv_storage>
