<?xml version="1.0"?>
<opencv_storage>
<task_selection_method>mcts_task_by_completion_reward_gradient</task_selection_method>
<param>3</param>
<num_agents>3</num_agents>
<num_nodes>100</num_nodes>
<reward>
  1.8787173612485512e+02 1.9259468110096157e+02 1.8505294497312528e+02
  2.7772752063293979e+02 2.5356276597574134e+02 2.4980449435848925e+02
  1.7314520445902369e+02 2.9097534348009685e+02 2.3697435322535614e+02
  1.9497402886727730e+02 1.8650425840336686e+02 1.6406818185111106e+02
  2.2039198824312118e+02 1.4716229525020916e+02 2.8501161385023477e+02
  1.2792108854273157e+02 1.0836002814743071e+02 2.1205147827992906e+02
  1.5119441682610525e+02 1.8855570579488207e+02</reward>
<time>
  5.0396823883056641e-01 4.5248181819915771e+00 6.1040358543395996e+00
  1.2304320812225342e+01 1.7534580945968628e+01 2.0324648141860962e+01
  2.1703460693359375e+01 2.6314719676971436e+01 2.8504030227661133e+01
  3.5123587846755981e+01 3.5334450483322144e+01 3.8115055084228516e+01
  4.0525275468826294e+01 4.3123440504074097e+01 4.6725620269775391e+01
  4.9703305482864380e+01 5.0703893423080444e+01 5.3504881858825684e+01
  5.4313570499420166e+01 5.9923756361007690e+01</time>
<cumulative_reward>4.0339041283869878e+03</cumulative_reward>
</opencv_storage>
