<?xml version="1.0"?>
<opencv_storage>
<task_selection_method>greedy_completion_reward</task_selection_method>
<reward>
  9.9980045917034149e+03 9.9980045917034149e+03 9.9980045917034149e+03
  9.9970048034191132e+03 9.9940047445297241e+03 9.9920028290748596e+03
  9.9890052428245544e+03 9.9890052428245544e+03 9.9860033552646637e+03
  9.9850034341812134e+03 9.9820051383972168e+03 9.9820051383972168e+03
  9.9760036933422089e+03 9.9740048065185547e+03 9.9680047538280487e+03
  9.9670006399154663e+03 9.9560048494338989e+03 9.9460029008388519e+03</reward>
<time>
  1.9954082965850830e+00 1.9954082965850830e+00 1.9954082965850830e+00
  2.9951965808868408e+00 5.9952554702758789e+00 7.9971709251403809e+00
  1.0994757175445557e+01 1.0994757175445557e+01 1.3996644735336304e+01
  1.4996565818786621e+01 1.7994861602783203e+01 1.7994861602783203e+01
  2.3996306657791138e+01 2.5995193481445312e+01 3.1995246171951294e+01
  3.2999360084533691e+01 4.3995150566101074e+01 5.3997099161148071e+01</time>
</opencv_storage>
