<?xml version="1.0"?>
<opencv_storage>
<task_selection_method>mcts_task_by_completion_reward_gradient</task_selection_method>
<reward>
  9.9859760973453522e+03 9.9729760532379150e+03 9.9619760930538177e+03
  9.9519760394096375e+03 9.9489760813713074e+03 9.9109761698246002e+03
  9.9069761588573456e+03 9.9019761090278625e+03 9.8819762041568756e+03
  9.8699761755466461e+03</reward>
<time>
  1.4023902654647827e+01 2.7023946762084961e+01 3.8023906946182251e+01
  4.8023960590362549e+01 5.1023918628692627e+01 8.9023830175399780e+01
  9.3023841142654419e+01 9.8023890972137451e+01 1.1802379584312439e+02
  1.3002382445335388e+02</time>
</opencv_storage>
