<?xml version="1.0"?>
<opencv_storage>
<task_selection_method>mcts_task_by_completion_reward_gradient</task_selection_method>
<param>34</param>
<map_name>osu_field</map_name>
<num_agents>3</num_agents>
<num_nodes>100</num_nodes>
<reward>
  4.5352312290413334e+02 4.7921718063753497e+02 4.2820356269636108e+02
  3.3823879316236264e+02 3.1980525460156827e+02 3.7797567825329730e+02
  2.6514074430291481e+02 3.9095405609192602e+02 2.6192665840976571e+02
  2.1190145787846259e+02 2.3487867751214719e+02 2.9042784398849687e+02
  4.3407735042610864e+02 2.3092661297741944e+02 4.1584090635746793e+02
  2.5353385609667922e+02 3.9136841508008234e+02 4.1791601528275896e+02
  3.4031893835161833e+02 2.2095558278305944e+02 3.8477311116062805e+02
  4.1407254077837098e+02 2.7352523987393835e+02 2.2801599304134260e+02
  2.0125716174158768e+02 4.6253614333588843e+02</reward>
<time>
  1.9792752265930176e+00 1.9896252155303955e+00 1.3980234384536743e+01
  1.7981982469558716e+01 4.3979697942733765e+01 5.4981841564178467e+01
  6.8980737209320068e+01 8.1979828357696533e+01 9.1980571985244751e+01
  1.0099018859863281e+02 1.0999189329147339e+02 1.1098993873596191e+02
  1.1598189711570740e+02 1.3098164272308350e+02 1.4698155808448792e+02
  1.4997998404502869e+02 1.4999018859863281e+02 1.5598067164421082e+02
  1.6498040175437927e+02 1.6599036836624146e+02 1.7098146319389343e+02
  1.7598136067390442e+02 1.8097907829284668e+02 1.8098932862281799e+02
  1.8897935914993286e+02 2.0798031282424927e+02</time>
<cumulative_reward>8.7213108977259217e+03</cumulative_reward>
</opencv_storage>
