<?xml version="1.0"?>
<opencv_storage>
<task_selection_method>greedy_completion_reward</task_selection_method>
<param>34</param>
<num_agents>2</num_agents>
<num_nodes>200</num_nodes>
<reward>
  0. 0. 1.9829026913642883e+02 1.9767927241325378e+02
  1.9709033608436584e+02 1.9647960853576660e+02 1.9527959322929382e+02
  1.9468953800201416e+02 1.9387925267219543e+02 1.9328955626487732e+02
  1.9267897725105286e+02 1.9189008855819702e+02 1.9128971004486084e+02
  1.9068934130668640e+02 1.9028940796852112e+02 1.9008989858627319e+02
  1.8907916522026062e+02 1.8768946886062622e+02 1.8488949632644653e+02
  1.8448958754539490e+02 1.8289007639884949e+02 1.8208947181701660e+02
  1.8169001507759094e+02 1.8147918939590454e+02 1.8009021973609924e+02
  1.7927896785736084e+02 1.7908936047554016e+02 1.7407966995239258e+02
  1.7308981680870056e+02 1.7148981285095215e+02 1.7088979554176331e+02
  1.6949018025398254e+02 1.6728943467140198e+02 1.6628981876373291e+02
  1.6608942842483521e+02 1.6527912116050720e+02 1.6389011740684509e+02
  1.6368975377082825e+02 1.6367927980422974e+02 1.6287940478324890e+02
  1.6148941254615784e+02 1.5868954300880432e+02 1.5847935485839844e+02
  0. 1.5188992142677307e+02 1.4847960472106934e+02
  1.4789024686813354e+02 1.4727972388267517e+02 1.4688982534408569e+02
  1.4547976207733154e+02 1.4529033851623535e+02 1.4189015674591064e+02
  0. 1.3788986396789551e+02 1.3567907476425171e+02 0. 0. 0. 0. 0. 0. 0.
  0. 0. 0. 0. 0. 0. 0. 0. 0. 0. 0. 0. 0. 0. 0. 0. 0. 0. 0. 0. 0. 0. 0.
  0. 0. 0. 0. 0. 0. 0. 0. 0. 0. 0. 0. 0. 0. 0. 0. 0. 0. 0. 0. 0. 0. 0.
  0. 0. 0. 0. 0. 0. 0. 0. 0. 0. 0. 0. 0. 0. 0. 0. 0. 0. 0. 0. 0. 0. 0.
  0. 0. 0. 0. 0. 0. 0. 0. 0. 0. 0. 0. 0. 0. 0. 0. 0. 0. 0. 0. 0. 0. 0.
  0. 0. 0. 0. 0. 0. 0. 0. 0. 0. 0. 0. 0. 0. 0. 0. 0. 0. 0. 0. 0. 0. 0.
  0. 0. 0. 0. 0. 0. 0. 0. 0. 0. 0. 0. 0. 0. 0. 0. 0. 0. 0. 0. 0. 0. 0.
  0. 0. 1.2609020352363586e+02 0. 0. 0. 0. 0. 0. 0. 0. 0. 0. 0. 0. 0. 0.
  0. 0. 0. 0. 0. 0. 0. 0. 0. 0. 0. 0. 0. 0. 0. 0. 0. 0. 0. 0. 0. 0. 0.
  0. 0. 0. 0. 0. 0. 0. 0. 0. 0. 0. 0. 0. 0. 0. 0. 0. 0. 0. 0. 0. 0. 0.
  0. 0. 1.1609016513824463e+02 0. 0. 0. 0. 0. 0. 0. 0. 0. 0. 0. 0. 0. 0.
  0. 0. 0. 0. 0. 0. 0. 0. 0. 0. 0. 0. 0. 0. 0. 0. 0. 0. 0. 0. 0. 0. 0.
  0. 0. 0. 0. 0. 0. 0. 0. 0. 0. 0. 0. 0. 0. 1.1448978924751282e+02 0. 0.
  0. 0. 0. 0. 0. 0. 0. 0. 0. 0. 0. 0. 0. 0. 0. 0. 0. 0. 0. 0. 0. 0. 0.
  0. 0. 0. 0. 0. 0. 0. 0. 0. 0. 0. 0. 0. 0. 0. 0. 0. 0. 0. 0. 0. 0. 0.
  1.1288969492912292e+02 0. 0. 0. 0. 0. 0. 0. 0. 0. 0. 0. 0. 0. 0. 0. 0.
  0. 0. 0. 0. 0. 0. 0. 0. 0. 0. 0. 0. 0. 0. 0. 0. 0. 0. 0. 0. 0. 0. 0.
  0. 0. 0. 0. 0. 0. 0. 0. 0. 0. 0. 0. 0. 0. 0. 0. 0. 0. 0. 0. 0. 0. 0.
  0. 0. 0. 0. 0. 0. 0. 0. 0. 0. 0. 0. 0. 1.1028970980644226e+02 0. 0. 0.
  0. 0. 0. 0. 0. 0. 0. 0. 0. 0. 0. 0. 0. 0. 0. 0. 0. 0. 0. 0. 0. 0. 0.
  0. 0. 0. 0. 0. 0. 0. 0. 0. 0. 0. 0. 0. 0. 0. 0. 0. 0. 0. 0. 0. 0. 0.
  0. 0. 0. 0. 0. 0. 0. 0. 0. 0. 0. 0. 0. 0. 0. 0. 0. 0. 0. 0. 0. 0. 0.
  0. 0. 0. 0. 0. 0. 0. 0. 0. 0. 0. 0. 0. 0. 0. 0. 0. 0. 0. 0. 0. 0. 0.
  0. 0. 0. 0. 0. 0. 0. 0. 0. 0. 0. 0. 0. 0. 0. 0. 0. 0. 0. 0. 0. 0. 0.
  0. 0. 0. 0. 0. 1.0628959512710571e+02 1.0269030904769897e+02</reward>
<time>
  3.0994057655334473e-01 3.0994057655334473e-01 1.7097308635711670e+00
  2.3207275867462158e+00 2.9096639156341553e+00 3.5203914642333984e+00
  4.7204067707061768e+00 5.3104619979858398e+00 6.1207473278045654e+00
  6.7104437351226807e+00 7.3210227489471436e+00 8.1099114418029785e+00
  8.7102899551391602e+00 9.3106586933135986e+00 9.7105920314788818e+00
  9.9101014137268066e+00 1.0920834779739380e+01 1.2310531139373779e+01
  1.5110503673553467e+01 1.5510412454605103e+01 1.7109923601150513e+01
  1.7910528182983398e+01 1.8309984922409058e+01 1.8520810604095459e+01
  1.9909780263900757e+01 2.0721032142639160e+01 2.0910639524459839e+01
  2.5920330047607422e+01 2.6910183191299438e+01 2.8510187149047852e+01
  2.9110204458236694e+01 3.0509819746017456e+01 3.2710565328598022e+01
  3.3710181236267090e+01 3.3910571575164795e+01 3.4720878839492798e+01
  3.6109882593154907e+01 3.6310246229171753e+01 3.6320720195770264e+01
  3.7120595216751099e+01 3.8510587453842163e+01 4.1310456991195679e+01
  4.1520645141601562e+01 4.4710099458694458e+01 4.8110078573226929e+01
  5.1520395278930664e+01 5.2109753131866455e+01 5.2720276117324829e+01
  5.3110174655914307e+01 5.4520237922668457e+01 5.4709661483764648e+01
  5.8109843254089355e+01 5.8720363616943359e+01 6.2110136032104492e+01
  6.4320925235748291e+01 6.8920590639114380e+01 6.8920590639114380e+01
  6.8920590639114380e+01 6.9110214233398438e+01 6.9110214233398438e+01
  6.9110214233398438e+01 6.9120536804199219e+01 6.9120536804199219e+01
  6.9120536804199219e+01 6.9310321331024170e+01 6.9310321331024170e+01
  6.9310321331024170e+01 6.9320894002914429e+01 6.9320894002914429e+01
  6.9320894002914429e+01 6.9509716033935547e+01 6.9509716033935547e+01
  6.9509716033935547e+01 6.9519955873489380e+01 6.9519955873489380e+01
  6.9519955873489380e+01 6.9709748983383179e+01 6.9709748983383179e+01
  6.9709748983383179e+01 6.9720627546310425e+01 6.9720627546310425e+01
  6.9720627546310425e+01 6.9910776853561401e+01 6.9910776853561401e+01
  6.9910776853561401e+01 6.9921011686325073e+01 6.9921011686325073e+01
  6.9921011686325073e+01 7.0110269546508789e+01 7.0110269546508789e+01
  7.0110269546508789e+01 7.0120810508728027e+01 7.0120810508728027e+01
  7.0120810508728027e+01 7.0310647249221802e+01 7.0310647249221802e+01
  7.0310647249221802e+01 7.0321069478988647e+01 7.0321069478988647e+01
  7.0321069478988647e+01 7.0509938955307007e+01 7.0509938955307007e+01
  7.0509938955307007e+01 7.0520140647888184e+01 7.0520140647888184e+01
  7.0520140647888184e+01 7.0710135459899902e+01 7.0710135459899902e+01
  7.0710135459899902e+01 7.0721090078353882e+01 7.0721090078353882e+01
  7.0721090078353882e+01 7.0909969568252563e+01 7.0909969568252563e+01
  7.0909969568252563e+01 7.0920065879821777e+01 7.0920065879821777e+01
  7.0920065879821777e+01 7.1109938859939575e+01 7.1109938859939575e+01
  7.1109938859939575e+01 7.1120944976806641e+01 7.1120944976806641e+01
  7.1120944976806641e+01 7.1309695720672607e+01 7.1309695720672607e+01
  7.1309695720672607e+01 7.1320532083511353e+01 7.1320532083511353e+01
  7.1320532083511353e+01 7.1510168552398682e+01 7.1510168552398682e+01
  7.1510168552398682e+01 7.1521085500717163e+01 7.1521085500717163e+01
  7.1521085500717163e+01 7.1710251331329346e+01 7.1710251331329346e+01
  7.1710251331329346e+01 7.1720349550247192e+01 7.1720349550247192e+01
  7.1720349550247192e+01 7.1910501003265381e+01 7.1910501003265381e+01
  7.1910501003265381e+01 7.1920569181442261e+01 7.1920569181442261e+01
  7.1920569181442261e+01 7.2110440731048584e+01 7.2110440731048584e+01
  7.2110440731048584e+01 7.2120573759078979e+01 7.2120573759078979e+01
  7.2120573759078979e+01 7.2310446739196777e+01 7.2310446739196777e+01
  7.2310446739196777e+01 7.2320682525634766e+01 7.2320682525634766e+01
  7.2320682525634766e+01 7.2509997367858887e+01 7.2509997367858887e+01
  7.2509997367858887e+01 7.2520712137222290e+01 7.2520712137222290e+01
  7.2520712137222290e+01 7.2709334611892700e+01 7.2709334611892700e+01
  7.2709334611892700e+01 7.2720413923263550e+01 7.2720413923263550e+01
  7.2720413923263550e+01 7.2910613536834717e+01 7.2910613536834717e+01
  7.2910613536834717e+01 7.2921629428863525e+01 7.2921629428863525e+01
  7.2921629428863525e+01 7.3110393285751343e+01 7.3110393285751343e+01
  7.3110393285751343e+01 7.3121492624282837e+01 7.3121492624282837e+01
  7.3121492624282837e+01 7.3310217142105103e+01 7.3310217142105103e+01
  7.3310217142105103e+01 7.3321228504180908e+01 7.3321228504180908e+01
  7.3321228504180908e+01 7.3509697198867798e+01 7.3509697198867798e+01
  7.3509697198867798e+01 7.3520183801651001e+01 7.3520183801651001e+01
  7.3520183801651001e+01 7.3710491180419922e+01 7.3710491180419922e+01
  7.3710491180419922e+01 7.3721110820770264e+01 7.3721110820770264e+01
  7.3721110820770264e+01 7.3909796476364136e+01 7.8920795917510986e+01
