<?xml version="1.0"?>
<opencv_storage>
<task_selection_method>greedy_completion_reward</task_selection_method>
<reward>
  9.9860012533664703e+03 9.9730026457309723e+03 9.9600045139789581e+03
  9.9550040688514709e+03 9.9520034275054932e+03 9.9470039169788361e+03
  9.9310001125335693e+03 9.9130042703151703e+03</reward>
<time>
  1.3998746633529663e+01 2.6997354269027710e+01 3.9995486021041870e+01
  4.4995931148529053e+01 4.7996572494506836e+01 5.2996083021163940e+01
  6.8999887466430664e+01 8.6995729684829712e+01</time>
</opencv_storage>
