<?xml version="1.0"?>
<opencv_storage>
<reward>
  9.9686890000000003e+03 9.9626929999999993e+03 9.9566929999999993e+03</reward>
<time>
  3.1311000000000000e+01 3.7307000000000002e+01 4.3307000000000002e+01</time>
</opencv_storage>
