<?xml version="1.0"?>
<opencv_storage>
<reward>
  9.9707009999999991e+03 9.9686980000000003e+03 9.9627000000000007e+03
  9.9577000000000007e+03 9.9526929999999993e+03 9.9177000000000007e+03</reward>
<time>
  2.9298999999999999e+01 3.1302000000000000e+01 3.7299999999999997e+01
  4.2299999999999997e+01 4.7307000000000002e+01 8.2299999999999997e+01</time>
</opencv_storage>
