<?xml version="1.0"?>
<opencv_storage>
<task_selection_method>greedy_completion_reward</task_selection_method>
<reward>
  9.9979996817111969e+03 9.9979996817111969e+03 9.9949985964298248e+03
  9.9929991526603699e+03 9.9899986968040466e+03 9.9899986968040466e+03
  9.9890002317428589e+03 9.9879984838962555e+03 9.9859965515136719e+03
  9.9859965515136719e+03 9.9829997982978821e+03 9.9779978530406952e+03
  9.9769987835884094e+03 9.9750012617111206e+03 9.9719964349269867e+03
  9.9699959139823914e+03 9.9699959139823914e+03 9.9659987454414368e+03
  9.9539990029335022e+03 9.9469985013008118e+03 9.9439991047382355e+03
  9.9389982106685638e+03</reward>
<time>
  2.0003182888031006e+00 2.0003182888031006e+00 5.0014035701751709e+00
  7.0008473396301270e+00 1.0001303195953369e+01 1.0001303195953369e+01
  1.0999768257141113e+01 1.2001516103744507e+01 1.4003448486328125e+01
  1.4003448486328125e+01 1.7000201702117920e+01 2.2002146959304810e+01
  2.3001216411590576e+01 2.4998738288879395e+01 2.8003565073013306e+01
  3.0004086017608643e+01 3.0004086017608643e+01 3.4001254558563232e+01
  4.6000997066497803e+01 5.3001498699188232e+01 5.6000895261764526e+01
  6.1001789331436157e+01</time>
</opencv_storage>
