<?xml version="1.0"?>
<opencv_storage>
<task_selection_method>mcts_task_by_completion_reward_gradient</task_selection_method>
<param>2</param>
<num_agents>5</num_agents>
<num_nodes>100</num_nodes>
<reward>
  4.3819042830045674e+02 2.6881396477841196e+02 4.8073420650481069e+02
  1.6926804307092200e+02 2.1489195830528126e+02 4.6574530784446489e+02
  3.4019732247389680e+02 4.2197586349998431e+02 3.7519780586028673e+02
  4.2534062991934024e+02 3.5679705772556531e+02 4.7957488562361516e+02
  4.7003640965592029e+02 2.4233596729510737e+02 3.1928844492880546e+02
  1.9368974266598477e+02 3.1309273198323740e+02 2.6418370265335619e+02
  2.7003514451669065e+02 3.7120692725882873e+02 3.6939406915234883e+02
  2.4950700685365769e+02 3.3753577588340823e+02 3.2488778080603311e+02
  3.3328725819397596e+02 1.4745249294763505e+02 1.8306104210580980e+02
  3.3366434271898464e+02 3.0221936691986014e+02 2.9240935738985820e+02
  2.7500584543365215e+02 3.2295638750837458e+02 4.9437035800870615e+02
  3.7148298873533713e+02 0.</reward>
<time>
  9.7144403457641602e+00 1.0713484287261963e+01 1.3117026805877686e+01
  1.3519945859909058e+01 1.5965265035629272e+01 1.6714727640151978e+01
  1.7123776674270630e+01 1.7946116209030151e+01 1.8314769744873047e+01
  2.1954485654830933e+01 2.3714013338088989e+01 2.4113641023635864e+01
  2.6514017820358276e+01 3.0313628911972046e+01 3.1313293457031250e+01
  3.1512223005294800e+01 3.2513333559036255e+01 3.7323780298233032e+01
  3.9595821380615234e+01 3.9913008689880371e+01 3.9973423719406128e+01
  4.1733515977859497e+01 4.3523309707641602e+01 4.4994397878646851e+01
  4.8336666345596313e+01 4.8713909864425659e+01 4.9913859367370605e+01
  5.0113075733184814e+01 5.1313131570816040e+01 5.3974374771118164e+01
  5.5913287401199341e+01 5.7513514518737793e+01 5.8563448190689087e+01
  5.9133132934570312e+01 6.0312777280807495e+01</time>
<cumulative_reward>1.1217830617522610e+04</cumulative_reward>
</opencv_storage>
