<?xml version="1.0"?>
<opencv_storage>
<task_selection_method>greedy_completion_reward</task_selection_method>
<reward>
  9.9980033462047577e+03 9.9920040509700775e+03 9.9910014183521271e+03
  9.9900037839412689e+03 9.9890028934478760e+03 9.9870188193321228e+03
  9.9850047767162323e+03 9.9830033395290375e+03 9.9820042433738708e+03
  9.9820042433738708e+03 9.9810022971630096e+03 9.9800034770965576e+03
  9.9769993267059326e+03 9.9750026924610138e+03 9.9740043513774872e+03
  9.9650042679309845e+03 9.9600037426948547e+03 9.9589999985694885e+03
  9.9550049297809601e+03 9.9460029315948486e+03 9.9420030539035797e+03</reward>
<time>
  1.9966537952423096e+00 7.9959490299224854e+00 8.9985816478729248e+00
  9.9962160587310791e+00 1.0997106552124023e+01 1.2981180667877197e+01
  1.4995223283767700e+01 1.6996660470962524e+01 1.7995756626129150e+01
  1.7995756626129150e+01 1.8997702836990356e+01 1.9996522903442383e+01
  2.3000673294067383e+01 2.4997307538986206e+01 2.5995648622512817e+01
  3.4995732069015503e+01 3.9996257305145264e+01 4.1000001430511475e+01
  4.4995070219039917e+01 5.3997068405151367e+01 5.7996946096420288e+01</time>
</opencv_storage>
