<?xml version="1.0"?>
<opencv_storage>
<task_selection_method>mcts_task_by_completion_reward_gradient</task_selection_method>
<param>4</param>
<num_agents>7</num_agents>
<num_nodes>100</num_nodes>
<reward>
  3.5026627292886462e+02 3.5690522418733752e+02 3.4776963585661531e+02
  3.5258179439386026e+02 3.6294752386475579e+02 3.6365931601098936e+02
  3.5853662272803081e+02 3.7365600400928179e+02 3.7178540572088701e+02
  3.4401718396440828e+02 2.1725359368851448e+02 3.0732624161633089e+02
  2.5359141748416170e+02 2.5486319816175785e+02 2.5816472111369325e+02
  2.2062416908693200e+02 3.4155767157245685e+02 2.4694532528104213e+02
  2.5478741309400797e+02 2.6404541527041675e+02 2.1684636605768088e+02
  3.5616634746387626e+02 2.4484447151056506e+02 2.2905196430695145e+02
  2.5212886596723183e+02 2.5393525645295537e+02 2.9087715489762132e+02
  3.0660007413608707e+02 2.5411420388443014e+02 2.3050868460103030e+02
  2.5951972828688855e+02 2.7404401493241528e+02 2.9185595786578563e+02
  2.4726231672191847e+02 3.5794402275643836e+02 1.9049573585473848e+02
  2.1794985264816350e+02 2.4468021830056767e+02 3.4840101421350340e+02
  2.5161813027141812e+02 2.4477229965971341e+02 1.7530550343167403e+02
  0.</reward>
<time>
  7.0351457595825195e-01 3.1091477870941162e+00 6.1035628318786621e+00
  6.1140685081481934e+00 7.3052341938018799e+00 7.5270822048187256e+00
  7.7580015659332275e+00 8.5137176513671875e+00 1.0520210742950439e+01
  1.2186669349670410e+01 1.4590398788452148e+01 1.7374749898910522e+01
  1.8724866151809692e+01 1.9364436149597168e+01 2.0903930902481079e+01
  2.3503594875335693e+01 2.5334130525588989e+01 2.6906831026077271e+01
  2.8373849630355835e+01 3.1134785413742065e+01 3.2704682588577271e+01
  3.2952072143554688e+01 3.4103820085525513e+01 3.4326878786087036e+01
  3.5104500770568848e+01 3.5503398180007935e+01 3.6304275989532471e+01
  3.9103417158126831e+01 3.9704423904418945e+01 4.1902984142303467e+01
  4.3123712062835693e+01 4.4103391408920288e+01 4.5995981216430664e+01
  4.6933304786682129e+01 4.9739355087280273e+01 5.1703469991683960e+01
  5.4702497959136963e+01 5.5733569622039795e+01 5.7302603244781494e+01
  5.7540674448013306e+01 5.8503783941268921e+01 5.8727395057678223e+01
  6.0303365468978882e+01</time>
<cumulative_reward>1.1940206334256000e+04</cumulative_reward>
</opencv_storage>
