<?xml version="1.0"?>
<opencv_storage>
<task_selection_method>greedy_completion_reward</task_selection_method>
<reward>
  9.9850001754760742e+03 9.9679993646144867e+03 9.9540015580654144e+03
  9.9280002174377441e+03 9.9169995796680450e+03 9.9050031654834747e+03
  9.8889998321533203e+03 9.8750020830631256e+03 9.8549990665912628e+03
  9.8029993054866791e+03</reward>
<time>
  1.4999824523925781e+01 3.2000635385513306e+01 4.5998441934585571e+01
  7.1999782562255859e+01 8.3000420331954956e+01 9.4996834516525269e+01
  1.1100016784667969e+02 1.2499791693687439e+02 1.4500093340873718e+02
  1.9700069451332092e+02</time>
</opencv_storage>
