<?xml version="1.0"?>
<opencv_storage>
<task_selection_method>greedy_completion_reward</task_selection_method>
<param>50</param>
<num_agents>5</num_agents>
<num_nodes>100</num_nodes>
<reward>
  3.0654903961131339e+02 3.0274984578818874e+02 2.9998378688281468e+02
  3.0734530352259401e+02 3.0150212425549233e+02 2.9929161711012637e+02
  2.9542558929509829e+02 2.9744581782557304e+02 2.8748009677518462e+02
  2.8253640119416934e+02 2.8160933509385382e+02 2.8138229197972066e+02
  2.7971156458673545e+02 2.7802982609176780e+02 2.6879453717733332e+02
  2.6816238123408834e+02 2.7314984709565755e+02 2.6695997886339279e+02
  2.5667243085835713e+02 2.5832638121308122e+02 2.6379085523179771e+02
  2.4393997184860092e+02 2.5875067223600456e+02 2.4014372075261821e+02
  2.3791550473644051e+02 2.3932380312317360e+02 1.9819679836271504e+02
  0.</reward>
<time>
  2.1191315650939941e+00 5.7040202617645264e+00 1.4104247331619263e+01
  1.4505880832672119e+01 1.6308530092239380e+01 1.7108403205871582e+01
  1.9909029483795166e+01 2.0308665990829468e+01 2.1709588050842285e+01
  2.3945886373519897e+01 3.0527250528335571e+01 3.0905560731887817e+01
  3.3708712339401245e+01 3.7141008377075195e+01 4.1507581472396851e+01
  4.5306365013122559e+01 5.0504778623580933e+01 5.3158209800720215e+01
  5.5359598875045776e+01 5.5505842208862305e+01 5.5546368837356567e+01
  5.6505533456802368e+01 5.7506909370422363e+01 5.8108167171478271e+01
  5.8305308580398560e+01 5.8325819969177246e+01 5.9106776952743530e+01
  6.0105396270751953e+01</time>
<cumulative_reward>7.3751695227458931e+03</cumulative_reward>
</opencv_storage>
