<?xml version="1.0"?>
<opencv_storage>
<task_selection_method>mcts_task_by_completion_reward_gradient</task_selection_method>
<reward>
  9.9979988555908203e+03 9.9979988555908203e+03 9.9979477815628052e+03
  9.9909689252376556e+03 9.9889621706008911e+03 9.9870021502971649e+03
  9.9819708230495453e+03 9.9809918770790100e+03 9.9799613618850708e+03
  9.9790035593509674e+03 9.9779620420932770e+03 9.9749635202884674e+03
  9.9729627184867859e+03 9.9719935050010681e+03 9.9670037336349487e+03
  9.9639826481342316e+03 9.9570044047832489e+03 9.9480041429996490e+03
  9.9409834766387939e+03 9.9260034601688385e+03 9.9230020627975464e+03</reward>
<time>
  2.0011444091796875e+00 2.0011444091796875e+00 2.0522184371948242e+00
  9.0310747623443604e+00 1.1037829399108887e+01 1.2997849702835083e+01
  1.8029176950454712e+01 1.9008122920989990e+01 2.0038638114929199e+01
  2.0996440649032593e+01 2.2037957906723022e+01 2.5036479711532593e+01
  2.7037281513214111e+01 2.8006494998931885e+01 3.2996266365051270e+01
  3.6017351865768433e+01 4.2995595216751099e+01 5.1995857000350952e+01
  5.9016523361206055e+01 7.3996539831161499e+01 7.6997937202453613e+01</time>
</opencv_storage>
