<?xml version="1.0"?>
<opencv_storage>
<task_selection_method>greedy_completion_reward</task_selection_method>
<reward>
  9.9939498755931854e+03 9.9859502186775208e+03 9.9809497454166412e+03
  9.9799503057003021e+03 9.9729495556354523e+03 9.9589500114917755e+03
  9.9539496519565582e+03</reward>
<time>
  6.0501244068145752e+00 1.4049781322479248e+01 1.9050254583358765e+01
  2.0049694299697876e+01 2.7050444364547729e+01 4.1049988508224487e+01
  4.6050348043441772e+01</time>
</opencv_storage>
