<?xml version="1.0"?>
<opencv_storage>
<task_selection_method>mcts_task_by_completion_reward_gradient</task_selection_method>
<reward>
  9.9979383018016815e+03 9.9889674894809723e+03 9.9869329500198364e+03
  9.9839662110805511e+03 9.9809668457508087e+03 9.9809374039173126e+03
  9.9799345018863678e+03 9.9659706089496613e+03 9.9599388763904572e+03
  9.9589668474197388e+03 9.9549695081710815e+03 9.9539337351322174e+03
  9.9479998953342438e+03 9.9469639582633972e+03 9.9150000734329224e+03</reward>
<time>
  2.0616981983184814e+00 1.1032510519027710e+01 1.3067049980163574e+01
  1.6033788919448853e+01 1.9033154249191284e+01 1.9062596082687378e+01
  2.0065498113632202e+01 3.4029391050338745e+01 4.0061123609542847e+01
  4.1033152580261230e+01 4.5030491828918457e+01 4.6066264867782593e+01
  5.2000104665756226e+01 5.3036041736602783e+01 8.4999926567077637e+01</time>
</opencv_storage>
