<?xml version="1.0"?>
<opencv_storage>
<task_selection_method>greedy_completion_reward</task_selection_method>
<param>34</param>
<num_agents>3</num_agents>
<num_nodes>100</num_nodes>
<reward>
  2.0125716174158768e+02 4.6253614333588843e+02</reward>
<time>
  3.0000352859497070e+00 1.4000457763671875e+01</time>
<cumulative_reward>6.6379330507747613e+02</cumulative_reward>
</opencv_storage>
