<?xml version="1.0"?>
<opencv_storage>
<task_selection_method>mcts_task_by_completion_reward_gradient</task_selection_method>
<param>50</param>
<num_agents>5</num_agents>
<num_nodes>100</num_nodes>
<reward>
  1.9949273872375488e+02 1.9949273872375488e+02 1.9785558843612671e+02
  1.9741306281089783e+02 1.9709686350822449e+02 1.9608699965476990e+02
  1.9488625121116638e+02 1.9389546108245850e+02 1.9149721932411194e+02
  1.9029639315605164e+02 1.8989482951164246e+02 1.8943345022201538e+02
  1.8929536819458008e+02 1.8928459835052490e+02 1.8781362223625183e+02
  1.8649488568305969e+02 1.8489580035209656e+02 1.8242297959327698e+02
  1.8228531956672668e+02 1.8089612007141113e+02 1.7967676758766174e+02
  1.7885569691658020e+02 1.7729741358757019e+02 1.7729741358757019e+02
  1.7589720821380615e+02 1.7568924140930176e+02 1.7567799353599548e+02
  1.7409592962265015e+02 1.7383838725090027e+02 1.7226494050025940e+02
  1.7029712915420532e+02 1.6949683737754822e+02 1.6785494661331177e+02
  1.6749601817131042e+02 1.6560621213912964e+02 1.6406657433509827e+02
  1.6329609060287476e+02 1.6189645600318909e+02 1.5806481075286865e+02
  1.5649677085876465e+02 1.5601132512092590e+02 1.5466486454010010e+02
  1.5429645395278931e+02 1.4907214546203613e+02 1.4709643030166626e+02
  1.4187663960456848e+02 1.4186648654937744e+02 1.4061745619773865e+02</reward>
<time>
  5.0726127624511719e-01 5.0726127624511719e-01 2.1444115638732910e+00
  2.5869371891021729e+00 2.9031364917755127e+00 3.9130003452301025e+00
  5.1137487888336182e+00 6.1045389175415039e+00 8.5027806758880615e+00
  9.7036068439483643e+00 1.0105170488357544e+01 1.0566549777984619e+01
  1.0704631805419922e+01 1.0715401649475098e+01 1.2186377763748169e+01
  1.3505114316940308e+01 1.5104199647903442e+01 1.7577020406723022e+01
  1.7714680433273315e+01 1.9103879928588867e+01 2.0323232412338257e+01
  2.1144303083419800e+01 2.2702586412429810e+01 2.2702586412429810e+01
  2.4102791786193848e+01 2.4310758590698242e+01 2.4322006464004517e+01
  2.5904070377349854e+01 2.6161612749099731e+01 2.7735059499740601e+01
  2.9702870845794678e+01 3.0503162622451782e+01 3.2145053386688232e+01
  3.2503981828689575e+01 3.4393787860870361e+01 3.5933425664901733e+01
  3.6703909397125244e+01 3.8103543996810913e+01 4.1935189247131348e+01
  4.3503229141235352e+01 4.3988674879074097e+01 4.5335135459899902e+01
  4.5703546047210693e+01 5.0927854537963867e+01 5.2903569698333740e+01
  5.8123360395431519e+01 5.8133513450622559e+01 5.9382543802261353e+01</time>
<cumulative_reward>8.4113949303627014e+03</cumulative_reward>
</opencv_storage>
