<?xml version="1.0"?>
<opencv_storage>
<reward>
  9.9727540000000008e+03 9.9527520000000004e+03</reward>
<time>
  2.7245999999999999e+01 4.7247999999999998e+01</time>
</opencv_storage>
