<?xml version="1.0"?>
<opencv_storage>
<task_selection_method>greedy_completion_reward</task_selection_method>
<param>1</param>
<num_agents>2</num_agents>
<num_nodes>100</num_nodes>
<reward>
  4.7241337748646720e+02 1.6598855973320644e+02 3.8133695074790819e+02
  3.8013507690680905e+02 3.7570694563723606e+02 3.7362168664911616e+02
  0.</reward>
<time>
  1.8308877229690552e+01 2.5907132387161255e+01 3.7510361433029175e+01
  3.9108599662780762e+01 5.6107517242431641e+01 5.6508847475051880e+01
  6.0117713451385498e+01</time>
<cumulative_reward>2.1492025971607432e+03</cumulative_reward>
</opencv_storage>
