<?xml version="1.0"?>
<opencv_storage>
<task_selection_method>greedy_completion_reward</task_selection_method>
<reward>
  9.9930049800872803e+03 9.9920039877891541e+03 9.9910072016716003e+03
  9.9900032553672791e+03 9.9870006008148193e+03 9.9860000505447388e+03
  9.9860000505447388e+03 9.9860000505447388e+03 9.9830058860778809e+03
  9.9800000212192535e+03 9.9790056953430176e+03 9.9780055587291718e+03
  9.9770001137256622e+03 9.9770001137256622e+03 9.9720051651000977e+03
  9.9600037198066711e+03 9.9570037698745728e+03 9.9540061020851135e+03
  9.9480037903785706e+03 9.9460063340663910e+03 9.9440032382011414e+03
  9.9380030891895294e+03</reward>
<time>
  6.9950199127197266e+00 7.9960122108459473e+00 8.9927983283996582e+00
  9.9967446327209473e+00 1.2999399185180664e+01 1.3999949455261230e+01
  1.3999949455261230e+01 1.3999949455261230e+01 1.6994113922119141e+01
  1.9999978780746460e+01 2.0994304656982422e+01 2.1994441270828247e+01
  2.2999886274337769e+01 2.2999886274337769e+01 2.7994834899902344e+01
  3.9996280193328857e+01 4.2996230125427246e+01 4.5993897914886475e+01
  5.1996209621429443e+01 5.3993665933609009e+01 5.5996761798858643e+01
  6.1996910810470581e+01</time>
</opencv_storage>
