<?xml version="1.0"?>
<opencv_storage>
<task_selection_method>greedy_completion_reward</task_selection_method>
<reward>
  9.9855303192138672e+03 9.9814298892021179e+03 9.9649303030967712e+03
  9.9376304299831390e+03</reward>
<time>6.2369570016860962e+01</time>
</opencv_storage>
