<?xml version="1.0"?>
<opencv_storage>
<task_selection_method>mcts_task_by_completion_reward_gradient</task_selection_method>
<reward>
  9.9639395840167999e+03 9.9579396650791168e+03 9.9539493420124054e+03
  9.9369409832954407e+03 9.9289483313560486e+03 9.8849480731487274e+03
  9.8819487712383270e+03 9.8649477310180664e+03</reward>
<time>
  3.6060415983200073e+01 4.2060334920883179e+01 4.6050657987594604e+01
  6.3059016704559326e+01 7.1051668643951416e+01 1.1505192685127258e+02
  1.1805122876167297e+02 1.3505226898193359e+02</time>
</opencv_storage>
