<?xml version="1.0"?>
<opencv_storage>
<task_selection_method>greedy_completion_reward</task_selection_method>
<param>34</param>
<num_agents>1</num_agents>
<num_nodes>20</num_nodes>
<reward>
  1.9305046701431274e+02 1.8076005983352661e+02 1.5785158729553223e+02
  1.4435888624191284e+02 1.3105044698715210e+02</reward>
<time>
  6.9495329856872559e+00 1.9239940166473389e+01 4.2148412704467773e+01
  5.5641113758087158e+01 6.8949553012847900e+01</time>
<cumulative_reward>8.0707144737243652e+02</cumulative_reward>
</opencv_storage>
