<?xml version="1.0"?>
<opencv_storage>
<task_selection_method>greedy_completion_reward</task_selection_method>
<param>5</param>
<num_agents>5</num_agents>
<num_nodes>100</num_nodes>
<reward>
  2.2875316964713639e+02 1.7721267740958709e+02 2.4435347592019315e+02
  2.3980270379975573e+02 3.0271572049980028e+02 1.6861979237929731e+02
  2.3470623298629465e+02 3.3562996308313177e+02 2.2858562157434008e+02
  1.9850678602763600e+02 2.5081273179040747e+02 2.4148854505293366e+02
  2.5552427048329321e+02 1.5329777429585775e+02 2.9801044404784278e+02
  2.8487422131659702e+02 2.5071680918935004e+02 2.5111810090787128e+02
  2.0089451884427172e+02 2.2503254802747392e+02 2.5589101206056995e+02
  1.7527638824924406e+02 1.5905078023298933e+02 1.3173564621844312e+02
  1.3909484980002006e+02</reward>
<time>
  3.7516498565673828e-01 3.9478039741516113e-01 1.3068051338195801e+00
  3.5844724178314209e+00 4.5172748565673828e+00 7.9268722534179688e+00
  8.1044464111328125e+00 1.2703931331634521e+01 1.3796650886535645e+01
  1.6507086277008057e+01 1.9926230192184448e+01 2.6105668067932129e+01
  2.6186934232711792e+01 2.8576999187469482e+01 3.1127140760421753e+01
  3.3305707931518555e+01 3.5304103612899780e+01 3.5577389478683472e+01
  4.2917055845260620e+01 4.4184824705123901e+01 4.8199290990829468e+01
  4.8706441402435303e+01 5.1915556669235229e+01 5.5995883703231812e+01
  5.7906306266784668e+01</time>
<cumulative_reward>5.6317047838443368e+03</cumulative_reward>
</opencv_storage>
