<?xml version="1.0"?>
<opencv_storage>
<task_selection_method>greedy_completion_reward</task_selection_method>
<reward>
  9.9864097414016724e+03 9.9685098130702972e+03 9.9604097785949707e+03
  9.9417098155021667e+03 9.9320375325679779e+03</reward>
<time>6.7962467432022095e+01</time>
</opencv_storage>
