<?xml version="1.0"?>
<opencv_storage>
<task_selection_method>greedy_completion_reward</task_selection_method>
<param>4</param>
<num_agents>2</num_agents>
<num_nodes>100</num_nodes>
<reward>
  1.9579683423042297e+02 1.9396669769287109e+02 1.8876448082923889e+02
  1.8498262715339661e+02 1.8116632676124573e+02 1.7698513865470886e+02
  1.7179740786552429e+02 1.6818646359443665e+02 1.6399675655364990e+02
  1.6018449783325195e+02 1.5578420305252075e+02 1.5359424781799316e+02
  1.5339667224884033e+02 1.5119293761253357e+02 1.4479582023620605e+02
  1.4336667370796204e+02 1.2939648985862732e+02 1.2419511294364929e+02
  1.1996597266197205e+02 1.0659818458557129e+02 1.0279491066932678e+02
  1.0139718842506409e+02 9.4981395721435547e+01 7.2996720790863037e+01
  6.1365206956863403e+01 1.4397339344024658e+01</reward>
<time>
  4.2031657695770264e+00 6.0333023071289062e+00 1.1235519170761108e+01
  1.5017372846603394e+01 1.8833673238754272e+01 2.3014861345291138e+01
  2.8202592134475708e+01 3.1813536405563354e+01 3.6003243446350098e+01
  3.9815502166748047e+01 4.4215796947479248e+01 4.6405752182006836e+01
  4.6603327751159668e+01 4.8807062387466431e+01 5.5204179763793945e+01
  5.6633326292037964e+01 7.0603510141372681e+01 7.5804887056350708e+01
  8.0034027338027954e+01 9.3401815414428711e+01 9.7205089330673218e+01
  9.8602811574935913e+01 1.0501860427856445e+02 1.2700327920913696e+02
  1.3863479304313660e+02 1.8560266065597534e+02</time>
<cumulative_reward>3.6160463078022003e+03</cumulative_reward>
</opencv_storage>
