<?xml version="1.0"?>
<opencv_storage>
<task_selection_method>greedy_completion_reward</task_selection_method>
<param>34</param>
<num_agents>1</num_agents>
<num_nodes>100</num_nodes>
<reward>
  4.1727820485261543e+02 4.7867825616212065e+02 4.6253614333588843e+02
  4.5799440418638090e+02 4.5352312290413334e+02 4.3407735042610864e+02
  4.2820356269636108e+02 4.1791601528275896e+02 4.1179465414148945e+02
  4.0391643615218436e+02 3.9963827056596915e+02</reward>
<time>
  8.5989303588867188e+00 1.4602688789367676e+01 6.1597890615463257e+01
  7.8601725578308105e+01 1.1160087299346924e+02 1.7159878635406494e+02
  2.2460173106193542e+02 2.8760026431083679e+02 2.9359936404228210e+02
  3.3460057067871094e+02 3.5260107612609863e+02</time>
<cumulative_reward>4.7655564207060106e+03</cumulative_reward>
</opencv_storage>
