<?xml version="1.0"?>
<opencv_storage>
<task_selection_method>greedy_completion_reward</task_selection_method>
<reward>
  9.9860076036453247e+03 9.9730066835880280e+03 9.9600066001415253e+03
  9.9440072121620178e+03</reward>
<time>
  1.3992396354675293e+01 2.6993316411972046e+01 3.9993399858474731e+01
  5.5992787837982178e+01</time>
</opencv_storage>
