<?xml version="1.0"?>
<opencv_storage>
<task_selection_method>greedy_completion_reward</task_selection_method>
<reward>
  9.9979998657703400e+03 9.9979998657703400e+03 9.9979998657703400e+03
  9.9949999303817749e+03 9.9910010831356049e+03 9.9869996154308319e+03
  9.9849994521141052e+03 9.9839991593360901e+03 9.9799999973773956e+03
  9.9769989054203033e+03 9.9769989054203033e+03 9.9669984285831451e+03
  9.9619988579750061e+03 9.9619988579750061e+03 9.9589988751411438e+03
  9.9559999637603760e+03 9.9489998314380646e+03 9.9480000252723694e+03
  9.9419986648559570e+03 9.9379965357780457e+03 9.9159992752075195e+03</reward>
<time>
  2.0001342296600342e+00 2.0001342296600342e+00 2.0001342296600342e+00
  5.0000696182250977e+00 8.9989168643951416e+00 1.3000384569168091e+01
  1.5000547885894775e+01 1.6000840663909912e+01 2.0000002622604370e+01
  2.3001094579696655e+01 2.3001094579696655e+01 3.3001571416854858e+01
  3.8001142024993896e+01 3.8001142024993896e+01 4.1001124858856201e+01
  4.4000036239624023e+01 5.1000168561935425e+01 5.1999974727630615e+01
  5.8001335144042969e+01 6.2003464221954346e+01 8.4000724792480469e+01</time>
</opencv_storage>
