<?xml version="1.0"?>
<opencv_storage>
<task_selection_method>mcts_task_by_completion_reward_gradient</task_selection_method>
<param>2</param>
<num_agents>5</num_agents>
<num_nodes>100</num_nodes>
<reward>
  2.7377492402481960e+02 2.8488984551970947e+02 2.9870266122798438e+02
  4.1645288952632018e+02 4.1224787218935580e+02 3.6363700583225091e+02
  3.6216406030947485e+02 3.7145004042819596e+02 3.2757325345757812e+02
  4.3584333628375646e+02 3.3145296807487489e+02 3.7554934865885730e+02
  3.7798174570073502e+02 3.5578777429331387e+02 3.3313774297349636e+02
  3.0698374181853075e+02 3.4267337341008033e+02 3.1297328399949589e+02
  2.1416692590584654e+02 2.7257393662196898e+02 2.7771308254364010e+02
  3.7210364555950014e+02 3.8214950264459446e+02 2.4179782643762604e+02
  3.0152933043625006e+02 2.7566121008748587e+02 3.3515275593297167e+02
  3.6413873576993058e+02 2.7815957997922646e+02 3.2047704259085782e+02
  3.6417583982639792e+02 3.6267663160769700e+02 3.1225998954427041e+02
  3.6984520837404187e+02 3.3961665407778781e+02</reward>
<time>
  5.0312924385070801e-01 5.0312924385070801e-01 5.0312924385070801e-01
  6.9041097164154053e+00 9.5736424922943115e+00 1.3503472566604614e+01
  1.7503610372543335e+01 2.2752856969833374e+01 2.3703148841857910e+01
  2.7123199224472046e+01 2.9503133058547974e+01 3.1744487524032593e+01
  3.2304087162017822e+01 3.5135487079620361e+01 3.5703635692596436e+01
  3.6705713033676147e+01 3.7703269481658936e+01 3.8504316091537476e+01
  3.9703769683837891e+01 4.0104476690292358e+01 4.1502707481384277e+01
  4.1993957042694092e+01 4.2754008769989014e+01 4.2992476463317871e+01
  4.3303121805191040e+01 4.5393942117691040e+01 4.5913290977478027e+01
  4.9302947759628296e+01 5.0303569555282593e+01 5.0976422786712646e+01
  5.4164402723312378e+01 5.5103303194046021e+01 5.7702474594116211e+01
  5.7752695083618164e+01 5.8903287887573242e+01</time>
<cumulative_reward>1.1667473765668925e+04</cumulative_reward>
</opencv_storage>
