<?xml version="1.0"?>
<opencv_storage>
<task_selection_method>greedy_completion_reward</task_selection_method>
<param>34</param>
<num_agents>1</num_agents>
<num_nodes>100</num_nodes>
<reward>
  4.1218009781302015e+02 4.0269718768487417e+02 3.7850981448684644e+02
  2.1190145787846259e+02 3.2952438048649776e+02 3.2894040333343935e+02</reward>
<time>
  1.8727854013442993e+01 7.6241769552230835e+01 1.2351019978523254e+02
  1.2984095191955566e+02 1.3696574234962463e+02 1.5163584613800049e+02</time>
<cumulative_reward>2.0637533416831407e+03</cumulative_reward>
</opencv_storage>
