<?xml version="1.0"?>
<opencv_storage>
<task_selection_method>greedy_completion_reward</task_selection_method>
<reward>
  9.9970043005943298e+03 9.9970043005943298e+03 9.9907701539993286e+03
  9.9847101609706879e+03 9.9786706092357635e+03</reward>
<time>2.1329390764236450e+01</time>
</opencv_storage>
