<?xml version="1.0"?>
<opencv_storage>
<task_selection_method>mcts_task_by_completion_reward_gradient</task_selection_method>
<param>34</param>
<map_name>osu_field</map_name>
<num_agents>3</num_agents>
<num_nodes>100</num_nodes>
<reward>
  4.5799440418638090e+02 3.9343796713935762e+02 4.3407735042610864e+02
  2.9268554659311059e+02 3.9095405609192602e+02 4.1791601528275896e+02
  3.7718172516307408e+02 4.1683989809660142e+02 4.1445520189260429e+02
  2.5998224781652630e+02 2.2801599304134260e+02 4.0251177655710796e+02
  2.6078194909479976e+02 2.2095558278305944e+02 2.7352523987393835e+02
  3.9156148102205123e+02 2.5091712375912996e+02 2.1004327231147687e+02
  2.1190145787846259e+02 2.3092661297741944e+02 2.3487867751214719e+02
  3.1930793939398296e+02 3.3933156780821975e+02 3.8477311116062805e+02
  2.1537280853407310e+02 4.6489937002185360e+02 4.6253614333588843e+02
  3.2198774474331742e+02</reward>
<time>
  1.2002534627914429e+01 2.1001469850540161e+01 4.1000625610351562e+01
  5.2002618312835693e+01 8.4000917434692383e+01 9.2002992868423462e+01
  1.0000241208076477e+02 1.1100223398208618e+02 1.5600086808204651e+02
  1.6400034141540527e+02 1.7700204014778137e+02 2.1300175046920776e+02
  2.1400303673744202e+02 2.1700220799446106e+02 2.2699985098838806e+02
  2.3000138759613037e+02 2.4800258898735046e+02 2.5400294137001038e+02
  2.8100188112258911e+02 2.8100188112258911e+02 2.9300211381912231e+02
  3.1600242972373962e+02 3.3100372076034546e+02 3.3500248837471008e+02
  3.3700167942047119e+02 3.4200224423408508e+02 3.5600236272811890e+02
  3.9200155806541443e+02</time>
<cumulative_reward>9.2797522644973487e+03</cumulative_reward>
</opencv_storage>
