<?xml version="1.0"?>
<opencv_storage>
<task_selection_method>greedy_completion_reward</task_selection_method>
<reward>
  9.9960206067562103e+03 9.9950175309181213e+03 9.9920195686817169e+03
  9.9860204410552979e+03 9.9860093839168549e+03 9.9820195169448853e+03
  9.9740167462825775e+03 9.9740167462825775e+03 9.9670224359035492e+03
  9.9590223021507263e+03 9.9580102112293243e+03 9.9560195460319519e+03
  9.9540091342926025e+03 9.9530213770866394e+03 9.9480193572044373e+03
  9.9360184230804443e+03 9.9290183482170105e+03 9.9250117650032043e+03
  9.9230112786293030e+03 9.9200183753967285e+03 9.9180190224647522e+03
  9.8940163178443909e+03</reward>
<time>
  3.9793932437896729e+00 4.9824690818786621e+00 7.9804313182830811e+00
  1.3979558944702148e+01 1.3990616083145142e+01 1.7980483055114746e+01
  2.5983253717422485e+01 2.5983253717422485e+01 3.2977564096450806e+01
  4.0977697849273682e+01 4.1989788770675659e+01 4.3980453968048096e+01
  4.5990865707397461e+01 4.6978622913360596e+01 5.1980642795562744e+01
  6.3981576919555664e+01 7.0981651782989502e+01 7.4988234996795654e+01
  7.6988721370697021e+01 7.9981624603271484e+01 8.1980977535247803e+01
  1.0598368215560913e+02</time>
</opencv_storage>
