<?xml version="1.0"?>
<opencv_storage>
<task_selection_method>mcts_task_by_completion_reward_gradient</task_selection_method>
<reward>
  9.9910028424263000e+03 9.9900002946853638e+03 9.9879825205802917e+03
  9.9820030422210693e+03 9.9810026817321777e+03 9.9779412968158722e+03
  9.9769991533756256e+03 9.9767968149185181e+03 9.9750039873123169e+03
  9.9749534001350403e+03 9.9739824228286743e+03 9.9729824705123901e+03
  9.9719910092353821e+03 9.9689811410903931e+03 9.9570035963058472e+03
  9.9560032405853271e+03 9.9549985170364380e+03 9.9530030195713043e+03
  9.9459530692100525e+03 9.9380031292438507e+03 9.9370031063556671e+03
  9.9039934415817261e+03</reward>
<time>
  8.9971575736999512e+00 9.9997053146362305e+00 1.2017479419708252e+01
  1.7996957778930664e+01 1.8997318267822266e+01 2.2058703184127808e+01
  2.3000846624374390e+01 2.3203185081481934e+01 2.4996012687683105e+01
  2.5046599864959717e+01 2.6017577171325684e+01 2.7017529487609863e+01
  2.8008990764617920e+01 3.1018858909606934e+01 4.2996403694152832e+01
  4.3996759414672852e+01 4.5001482963562012e+01 4.6996980428695679e+01
  5.4046930789947510e+01 6.1996870756149292e+01 6.2996893644332886e+01
  9.6006558418273926e+01</time>
</opencv_storage>
