<?xml version="1.0"?>
<opencv_storage>
<task_selection_method>mcts_task_by_completion_reward_gradient</task_selection_method>
<reward>
  9.9999791102409363e+03 9.9989795880317688e+03</reward>
<time>
  2.0889759063720703e-02 1.0204119682312012e+00</time>
</opencv_storage>
