<?xml version="1.0"?>
<opencv_storage>
<task_selection_method>greedy_completion_reward</task_selection_method>
<reward>
  9.9979980347156525e+03 9.9940001327991486e+03 9.9929989073276520e+03
  9.9910003845691681e+03 9.9879963526725769e+03 9.9870007948875427e+03
  9.9859980845451355e+03 9.9829988574981689e+03 9.9789961931705475e+03
  9.9750000665187836e+03 9.9650007538795471e+03 9.9580006287097931e+03
  9.9569974975585938e+03 9.9339993038177490e+03</reward>
<time>
  2.0019652843475342e+00 5.9998672008514404e+00 7.0010926723480225e+00
  8.9996154308319092e+00 1.2003647327423096e+01 1.2999205112457275e+01
  1.4001915454864502e+01 1.7001142501831055e+01 2.1003806829452515e+01
  2.4999933481216431e+01 3.4999246120452881e+01 4.1999371290206909e+01
  4.3002502441406250e+01 6.6000696182250977e+01</time>
</opencv_storage>
