<?xml version="1.0"?>
<opencv_storage>
<task_selection_method>greedy_completion_reward</task_selection_method>
<param>2</param>
<num_agents>5</num_agents>
<num_nodes>100</num_nodes>
<reward>
  4.1633508750828321e+02 4.1226263601723673e+02 4.3584333628375646e+02
  3.7554934865885730e+02 3.8214950264459446e+02 3.7145004042819596e+02
  3.7259201603929426e+02 3.7798174570073502e+02 3.7043581147945730e+02
  3.6417583982639792e+02 3.6413873576993058e+02 3.6363700583225091e+02
  3.1233061261914503e+02 3.3973349899927786e+02 3.3489146896980361e+02
  3.5896206892187439e+02 3.6255470139835285e+02 2.8488984551970947e+02
  3.0100598008463317e+02</reward>
<time>
  9.3413760662078857e+00 9.3413760662078857e+00 9.5048809051513672e+00
  1.6538397073745728e+01 1.6710048437118530e+01 2.9107072114944458e+01
  3.1125339746475220e+01 3.2307953596115112e+01 3.6927276372909546e+01
  4.0305582761764526e+01 4.4727637767791748e+01 5.3107349157333374e+01
  5.5936860561370850e+01 5.6137990951538086e+01 5.6306031227111816e+01
  5.6925791501998901e+01 5.7309105873107910e+01 5.9309024333953857e+01
  5.9906429052352905e+01</time>
<cumulative_reward>6.9009192827017860e+03</cumulative_reward>
</opencv_storage>
