<?xml version="1.0"?>
<opencv_storage>
<reward>
  9.9717230000000000e+03 9.9317189999999991e+03 9.9227230000000000e+03
  9.9127219999999998e+03 9.8947230000000000e+03 9.8667219999999998e+03
  9.8377209999999995e+03</reward>
<time>
  2.8277000000000001e+01 6.8281000000000006e+01 7.7277000000000001e+01
  8.7278000000000006e+01 1.0527700000000000e+02 1.3327799999999999e+02
  1.6227900000000000e+02</time>
</opencv_storage>
