<?xml version="1.0"?>
<opencv_storage>
<task_selection_method>greedy_completion_reward</task_selection_method>
<reward>
  9.9864098091125488e+03 9.9625098104476929e+03 9.9336096892356873e+03
  9.9267097432613373e+03</reward>
<time>7.3290256738662720e+01</time>
</opencv_storage>
