<?xml version="1.0"?>
<opencv_storage>
<task_selection_method>mcts_task_by_completion_reward</task_selection_method>
<reward>
  9.9989783985614777e+03 9.9749788720607758e+03 9.9629713716506958e+03
  9.9579787971973419e+03 9.9549713048934937e+03 9.9359789166450500e+03
  9.9169787812232971e+03 9.9089788043498993e+03 9.9059714293479919e+03
  9.8979790675640106e+03 9.8829791264533997e+03 9.8739714055061340e+03
  9.8689789469242096e+03 9.8549715163707733e+03</reward>
<time>
  1.0216014385223389e+00 2.5021127939224243e+01 3.7028628349304199e+01
  4.2021202802658081e+01 4.5028695106506348e+01 6.4021083354949951e+01
  8.3021218776702881e+01 9.1021195650100708e+01 9.4028570652008057e+01
  1.0202093243598938e+02 1.1702087354660034e+02 1.2602859449386597e+02
  1.3102105307579041e+02 1.4502848362922668e+02</time>
</opencv_storage>
