<?xml version="1.0"?>
<opencv_storage>
<task_selection_method>greedy_completion_reward</task_selection_method>
<reward>
  9.9990110557079315e+03 9.9980619130134583e+03 9.9980619130134583e+03
  9.9940107512474060e+03 9.9930613081455231e+03 9.9920620162487030e+03
  9.9900606670379639e+03 9.9880610702037811e+03 9.9880103003978729e+03
  9.9870614264011383e+03 9.9800614588260651e+03 9.9790611433982849e+03
  9.9770607850551605e+03 9.9760634188652039e+03 9.9750612258911133e+03
  9.9730612175464630e+03 9.9720088901519775e+03 9.9660115671157837e+03
  9.9560607392787933e+03 9.9500112888813019e+03 9.9470633451938629e+03</reward>
<time>
  9.8894429206848145e-01 1.9380869865417480e+00 1.9380869865417480e+00
  5.9892487525939941e+00 6.9386918544769287e+00 7.9379837512969971e+00
  9.9393329620361328e+00 1.1938929796218872e+01 1.1989699602127075e+01
  1.2938573598861694e+01 1.9938541173934937e+01 2.0938856601715088e+01
  2.2939214944839478e+01 2.3936581134796143e+01 2.4938774108886719e+01
  2.6938782453536987e+01 2.7991109848022461e+01 3.3988432884216309e+01
  4.3939260721206665e+01 4.9988711118698120e+01 5.2936654806137085e+01</time>
</opencv_storage>
