<?xml version="1.0"?>
<opencv_storage>
<task_selection_method>mcts_task_by_completion_reward_gradient</task_selection_method>
<reward>
  9.9979858343601227e+03 9.9910027220249176e+03 9.9849353268146515e+03
  9.9820053935050964e+03 9.9789448807239532e+03 9.9769633126258850e+03
  9.9760033364295959e+03 9.9729539797306061e+03 9.9729438190460205e+03
  9.9679436216354370e+03 9.9580050911903381e+03 9.9539853017330170e+03
  9.9499365975856781e+03 9.9449650197029114e+03 9.9430060577392578e+03
  9.9399245209693909e+03</reward>
<time>
  2.0141656398773193e+00 8.9972779750823975e+00 1.5064673185348511e+01
  1.7994606494903564e+01 2.1055119276046753e+01 2.3036687374114990e+01
  2.3996663570404053e+01 2.7046020269393921e+01 2.7056180953979492e+01
  3.2056378364562988e+01 4.1994908809661865e+01 4.6014698266983032e+01
  5.0063402414321899e+01 5.5034980297088623e+01 5.6993942260742188e+01
  6.0075479030609131e+01</time>
</opencv_storage>
