<?xml version="1.0"?>
<opencv_storage>
<reward>
  9.9711939999999995e+03 9.9551929999999993e+03 9.9461910000000007e+03
  9.9261939999999995e+03 9.9161929999999993e+03 9.9091939999999995e+03
  9.8961949999999997e+03 9.8511939999999995e+03 9.7661939999999995e+03
  9.7611939999999995e+03 9.7221929999999993e+03 9.7031939999999995e+03
  9.6671929999999993e+03</reward>
<time>
  2.8806000000000001e+01 4.4807000000000002e+01 5.3808999999999997e+01
  7.3805999999999997e+01 8.3807000000000002e+01 9.0805999999999997e+01
  1.0380500000000001e+02 1.4880600000000001e+02 2.3380600000000001e+02
  2.3880600000000001e+02 2.7780700000000002e+02 2.9680599999999998e+02
  3.3280700000000002e+02</time>
</opencv_storage>
