<?xml version="1.0"?>
<opencv_storage>
<reward>
  9.9610360000000001e+03 9.9330360000000001e+03 9.8930349999999999e+03
  9.8390360000000001e+03 9.8260360000000001e+03 9.8060360000000001e+03
  9.7740360000000001e+03 9.7570349999999999e+03</reward>
<time>
  3.8963999999999999e+01 6.6963999999999999e+01 1.0696500000000000e+02
  1.6096400000000000e+02 1.7396400000000000e+02 1.9396400000000000e+02
  2.2596400000000000e+02 2.4296500000000000e+02</time>
</opencv_storage>
