<?xml version="1.0"?>
<opencv_storage>
<task_selection_method>mcts_task_by_completion_reward_gradient</task_selection_method>
<param>50</param>
<num_agents>5</num_agents>
<num_nodes>100</num_nodes>
<reward>
  2.0689843745034710e+02 2.6879453717733332e+02 3.0649694510644758e+02
  2.9744581782557304e+02 3.0150212425549233e+02 2.7802982609176780e+02
  2.9580149239984814e+02 3.0274984578818874e+02 2.8206010011391692e+02
  2.9998378688281468e+02 2.8189193587572464e+02 2.7971156458673545e+02
  2.4079973603102044e+02 2.0177010551029909e+02 2.6816238123408834e+02
  2.5832638121308122e+02 2.1175987092713206e+02 2.4393997184860092e+02
  2.3859796660485145e+02 2.2226542851917475e+02 2.3932380312317360e+02
  1.7605515150982515e+02 2.7341152179979207e+02 1.3028206198273250e+02
  1.5266771044196213e+02 2.6727926572958330e+02 1.4790948306555396e+02
  2.5875067223600456e+02 1.5812096985181546e+02 2.5667243085835713e+02
  2.6398366661079962e+02 2.3681611641060431e+02 1.6188945711874968e+02
  2.9781285606419044e+02 3.0734530352259401e+02 1.4505400580060856e+02
  1.6916241443631705e+02 1.6784679780284182e+02 1.9948814001176609e+02
  2.4258592691010045e+02 2.3307358765036406e+02 1.8584498218104721e+02
  2.5055324212320065e+02 1.8346696374007570e+02 2.8748009677518462e+02
  1.7395354339273086e+02 1.8974491791104538e+02</reward>
<time>
  5.0508904457092285e-01 5.0508904457092285e-01 3.3150980472564697e+00
  3.5148744583129883e+00 4.9546523094177246e+00 1.0104244709014893e+01
  1.0104244709014893e+01 1.0331678390502930e+01 1.2974972486495972e+01
  1.3710408210754395e+01 2.3373903751373291e+01 2.8304526567459106e+01
  3.1104990959167480e+01 3.3303863525390625e+01 3.4344843864440918e+01
  3.6374093294143677e+01 3.8144571542739868e+01 3.8774187803268433e+01
  3.8954807758331299e+01 4.0114023208618164e+01 4.0754752397537231e+01
  4.2103459119796753e+01 4.2703487634658813e+01 4.3763860225677490e+01
  4.4903476476669312e+01 4.5703468799591064e+01 4.6704496860504150e+01
  4.7374421358108521e+01 4.7795089960098267e+01 4.8103804111480713e+01
  4.8934362649917603e+01 4.8934362649917603e+01 4.9903817415237427e+01
  5.0303763628005981e+01 5.0535897731781006e+01 5.1362529754638672e+01
  5.2302229166030884e+01 5.3703150987625122e+01 5.4703934431076050e+01
  5.5503938198089600e+01 5.6103412151336670e+01 5.6764395713806152e+01
  5.7104091167449951e+01 5.7369192123413086e+01 5.7903872251510620e+01
  5.8131225347518921e+01 5.9943303108215332e+01</time>
<cumulative_reward>1.1043563344503458e+04</cumulative_reward>
</opencv_storage>
