<?xml version="1.0"?>
<opencv_storage>
<task_selection_method>greedy_completion_reward</task_selection_method>
<reward>
  9.9970081205368042e+03 9.9844192063808441e+03 9.9753195810317993e+03
  9.9543190963268280e+03</reward>
<time>4.5680903673171997e+01</time>
</opencv_storage>
