<?xml version="1.0"?>
<opencv_storage>
<task_selection_method>mcts_task_by_completion_reward_gradient</task_selection_method>
<reward>
  9.9980037453174591e+03 9.9979432921409607e+03 9.9979432921409607e+03
  9.9929425666332245e+03 9.9879423122406006e+03 9.9869428777694702e+03
  9.9869222676753998e+03 9.9809402828216553e+03 9.9789328315258026e+03
  9.9709428336620331e+03 9.9709323713779449e+03 9.9649502127170563e+03
  9.9619410550594330e+03 9.9619318943023682e+03 9.9609332442283630e+03
  9.9549330029487610e+03 9.9529438552856445e+03 9.9519431428909302e+03
  9.9479510681629181e+03 9.9409343824386597e+03 9.9359441018104553e+03
  9.9199503080844879e+03</reward>
<time>
  1.9962546825408936e+00 2.0567078590393066e+00 2.0567078590393066e+00
  7.0574333667755127e+00 1.2057687759399414e+01 1.3057122230529785e+01
  1.3077732324600220e+01 1.9059717178344727e+01 2.1067168474197388e+01
  2.9057166337966919e+01 2.9067628622055054e+01 3.5049787282943726e+01
  3.8058944940567017e+01 3.8068105697631836e+01 3.9066755771636963e+01
  4.5066997051239014e+01 4.7056144714355469e+01 4.8056857109069824e+01
  5.2048931837081909e+01 5.9065617561340332e+01 6.4055898189544678e+01
  8.0049691915512085e+01</time>
</opencv_storage>
