<?xml version="1.0"?>
<opencv_storage>
<task_selection_method>greedy_completion_reward</task_selection_method>
<reward>
  9.9980001511573792e+03 9.9950130999088287e+03 9.9930155112743378e+03
  9.9850141561031342e+03 9.9840139915943146e+03 9.9820134985446930e+03
  9.9780129177570343e+03 9.9730129585266113e+03 9.9720145311355591e+03
  9.9690128686428070e+03 9.9660006248950958e+03 9.9630137913227081e+03
  9.9450027947425842e+03 9.9420000414848328e+03 9.9330019490718842e+03
  9.9299999332427979e+03 9.9290019040107727e+03</reward>
<time>
  1.9998488426208496e+00 4.9869000911712646e+00 6.9844887256622314e+00
  1.4985843896865845e+01 1.5986008405685425e+01 1.7986501455307007e+01
  2.1987082242965698e+01 2.6987041473388672e+01 2.7985468864440918e+01
  3.0987131357192993e+01 3.3999375104904175e+01 3.6986208677291870e+01
  5.4997205257415771e+01 5.7999958515167236e+01 6.6998050928115845e+01
  7.0000066757202148e+01 7.0998095989227295e+01</time>
</opencv_storage>
