<?xml version="1.0"?>
<opencv_storage>
<reward>
  9.9757849999999999e+03</reward>
<time>
  2.4215000000000000e+01</time>
</opencv_storage>
