<?xml version="1.0"?>
<opencv_storage>
<task_selection_method>mcts_task_by_completion_reward_gradient</task_selection_method>
<param>61</param>
<num_agents>5</num_agents>
<num_nodes>100</num_nodes>
<reward>
  3.7945720888239180e+02 2.7455369165347213e+02 3.6690230756265771e+02
  4.5019286351095252e+02 4.5068057992406631e+02 2.3625454349333771e+02
  4.2609310233372071e+02 3.8191355565693925e+02 3.6267632886744269e+02
  2.8647559543586061e+02 3.8847680403172080e+02 3.8209265794030239e+02
  4.0759653626320136e+02 3.5981253961446430e+02 4.4972311688748152e+02
  4.0524101150946910e+02 4.1434282720900990e+02 3.0095133981375830e+02
  3.7075096017335244e+02 2.8329557342703015e+02 3.5104326749045936e+02
  2.8176659967820763e+02 3.5073966560988157e+02 3.9197239680400526e+02
  3.8944310497519837e+02 3.4647774107947390e+02 4.5039348019576892e+02
  3.2169389220917850e+02 2.7772046132855883e+02 4.5019108619236556e+02
  2.6564817130932738e+02 3.4752676093276852e+02 3.0207274034023607e+02
  4.3221609832536194e+02</reward>
<time>
  3.0536961555480957e-01 3.0536961555480957e-01 3.0536961555480957e-01
  3.1057405471801758e+00 7.3356029987335205e+00 1.0504715681076050e+01
  1.7925379037857056e+01 1.8105109214782715e+01 2.2505208730697632e+01
  2.4705505132675171e+01 2.5755411148071289e+01 2.6905284643173218e+01
  3.4905077219009399e+01 3.5154570817947388e+01 3.5174203395843506e+01
  3.5305085897445679e+01 3.6105238437652588e+01 3.7505537748336792e+01
  3.7505537748336792e+01 3.7705310821533203e+01 4.0305287837982178e+01
  4.0305287837982178e+01 4.1905259132385254e+01 4.2905192613601685e+01
  4.6355829715728760e+01 4.7105169534683228e+01 4.7322001934051514e+01
  4.7705188751220703e+01 4.9707330465316772e+01 5.7375323057174683e+01
  5.7576015710830688e+01 5.8565788269042969e+01 5.8786270380020142e+01
  5.9505224704742432e+01</time>
<cumulative_reward>1.2336388610661425e+04</cumulative_reward>
</opencv_storage>
