<?xml version="1.0"?>
<opencv_storage>
<task_selection_method>mcts_task_by_completion_reward_gradient</task_selection_method>
<param>34</param>
<num_agents>2</num_agents>
<num_nodes>50</num_nodes>
<reward>
  1.9446042084693909e+02 1.9146109199523926e+02 1.8861022806167603e+02
  1.8366010856628418e+02 1.8086038827896118e+02 1.7966012978553772e+02
  1.6966030192375183e+02 1.6781005215644836e+02</reward>
<time>
  5.5395791530609131e+00 8.5389080047607422e+00 1.1389771938323975e+01
  1.6339891433715820e+01 1.9139611721038818e+01 2.0339870214462280e+01
  3.0339698076248169e+01 3.2189947843551636e+01</time>
<cumulative_reward>1.4561827216148376e+03</cumulative_reward>
</opencv_storage>
