<?xml version="1.0"?>
<opencv_storage>
<task_selection_method>mcts_task_by_completion_reward_gradient</task_selection_method>
<reward>
  9.9979845674037933e+03 9.9929795985221863e+03 9.9909979665279388e+03
  9.9899428529739380e+03 9.9859431543350220e+03 9.9819846317768097e+03
  9.9809424357414246e+03 9.9769269075393677e+03 9.9759848127365112e+03
  9.9699339559078217e+03 9.9689356052875519e+03 9.9679857120513916e+03
  9.9629826693534851e+03 9.9589426631927490e+03 9.9559837501049042e+03
  9.9459353191852570e+03 9.9449444065093994e+03 9.9439812419414520e+03
  9.9279341537952423e+03 9.9139439675807953e+03 9.9109851791858673e+03</reward>
<time>
  2.0154325962066650e+00 7.0204014778137207e+00 9.0020334720611572e+00
  1.0057147026062012e+01 1.4056845664978027e+01 1.8015368223190308e+01
  1.9057564258575439e+01 2.3073092460632324e+01 2.4015187263488770e+01
  3.0066044092178345e+01 3.1064394712448120e+01 3.2014287948608398e+01
  3.7017330646514893e+01 4.1057336807250977e+01 4.4016249895095825e+01
  5.4064680814743042e+01 5.5055593490600586e+01 5.6018758058547974e+01
  7.2065846204757690e+01 8.6056032419204712e+01 8.9014820814132690e+01</time>
</opencv_storage>
