<?xml version="1.0"?>
<opencv_storage>
<task_selection_method>greedy_completion_reward</task_selection_method>
<reward>
  9.9980096433162689e+03 9.9920593008995056e+03 9.9787097787857056e+03
  9.9752099180221558e+03 9.9677101507186890e+03 9.9506100633144379e+03
  9.9459096567630768e+03</reward>
<time>5.4090343236923218e+01</time>
</opencv_storage>
