<?xml version="1.0"?>
<opencv_storage>
<task_selection_method>greedy_completion_reward</task_selection_method>
<param>34</param>
<num_agents>1</num_agents>
<num_nodes>100</num_nodes>
<reward>
  2.2095558278305944e+02 2.1537280853407310e+02 2.1190145787846259e+02
  2.1004327231147687e+02 2.0125716174158768e+02</reward>
<time>
  1.9988033771514893e+00 4.7000581979751587e+01 6.0999457359313965e+01
  1.0799982857704163e+02 2.0000130677223206e+02</time>
<cumulative_reward>1.0595302832486595e+03</cumulative_reward>
</opencv_storage>
