<?xml version="1.0"?>
<opencv_storage>
<task_selection_method>greedy_completion_reward</task_selection_method>
<param>1</param>
<num_agents>5</num_agents>
<num_nodes>100</num_nodes>
<reward>
  3.7592825219955938e+02 2.2963000724888744e+02 1.6598855973320644e+02
  3.6551900469372077e+02 4.7241337748646720e+02 3.5823288852167047e+02
  4.7624686942066955e+02 4.8114926513920852e+02 3.7571579981145987e+02
  2.8858432405035188e+02 3.9921480711878490e+02 3.5961472655204494e+02
  3.7116726380748270e+02 3.8133695074790819e+02 2.8250764318887497e+02
  4.2224582917032160e+02 3.8125972223472178e+02 3.8506030247153683e+02
  3.7362168664911616e+02 3.6713456748550539e+02 3.6848397553337867e+02
  2.0933066739937470e+02 2.6919244470878232e+02 3.8004188999446785e+02</reward>
<time>
  6.0755252838134766e-02 7.1000576019287109e-02 7.1000576019287109e-02
  4.2008819580078125e+00 7.8230090141296387e+00 1.2800263643264771e+01
  1.6801664829254150e+01 1.6872257471084595e+01 1.7601512193679810e+01
  1.8829921245574951e+01 2.0414212942123413e+01 2.6212805509567261e+01
  3.0263534307479858e+01 3.0433679342269897e+01 3.0812624931335449e+01
  3.4202511548995972e+01 4.1001732826232910e+01 4.5601933002471924e+01
  4.9872640609741211e+01 5.0632718563079834e+01 5.2800678491592407e+01
  5.5200689792633057e+01 5.7399793148040771e+01 5.8813169479370117e+01</time>
<cumulative_reward>8.5396208253675013e+03</cumulative_reward>
</opencv_storage>
