<?xml version="1.0"?>
<opencv_storage>
<task_selection_method>greedy_completion_reward</task_selection_method>
<reward>
  9.9980103142261505e+03 9.9854101455211639e+03 9.9805199909210205e+03
  9.9714199690818787e+03 9.9460102019309998e+03 9.9368198685646057e+03</reward>
<time>6.3180131435394287e+01</time>
</opencv_storage>
