<?xml version="1.0"?>
<opencv_storage>
<task_selection_method>mcts_task_by_completion_reward_gradient</task_selection_method>
<reward>
  9.9999789721965790e+03 9.9989795777797699e+03</reward>
<time>
  2.1027803421020508e-02 1.0204222202301025e+00</time>
</opencv_storage>
