<?xml version="1.0"?>
<opencv_storage>
<task_selection_method>greedy_completion_reward</task_selection_method>
<reward>
  9.9980042469501495e+03 9.9940037271976471e+03 9.9880052521228790e+03
  9.9850032892227173e+03 9.9850032892227173e+03 9.9769984986782074e+03
  9.9720001435279846e+03 9.9670004777908325e+03 9.9670004777908325e+03
  9.9590011110305786e+03 9.9580051150321960e+03 9.9530036149024963e+03
  9.9510046570301056e+03 9.9340032322406769e+03 9.9260050156116486e+03
  9.9220047090053558e+03</reward>
<time>
  1.9957530498504639e+00 5.9962728023529053e+00 1.1994747877120972e+01
  1.4996710777282715e+01 1.4996710777282715e+01 2.3001501321792603e+01
  2.7999856472015381e+01 3.2999522209167480e+01 3.2999522209167480e+01
  4.0998888969421387e+01 4.1994884967803955e+01 4.6996385097503662e+01
  4.8995342969894409e+01 6.5996767759323120e+01 7.3994984388351440e+01
  7.7995290994644165e+01</time>
</opencv_storage>
