<?xml version="1.0"?>
<opencv_storage>
<task_selection_method>greedy_completion_reward</task_selection_method>
<param>3</param>
<num_agents>2</num_agents>
<num_nodes>100</num_nodes>
<reward>
  1.9559879469871521e+02 1.9171957397460938e+02 1.8619732332229614e+02
  1.8459974122047424e+02 1.7479874968528748e+02 1.7000076055526733e+02
  1.6780074787139893e+02 1.6351958250999451e+02 1.5580027556419373e+02
  1.5251949763298035e+02 1.5020050168037415e+02 1.4812025451660156e+02
  1.4600025343894958e+02 1.4499990797042847e+02 1.3939908099174500e+02
  1.3520070600509644e+02 1.3500065612792969e+02 1.3192054486274719e+02
  1.2579979395866394e+02 1.2478575634956360e+02 1.2091948628425598e+02
  1.2078930616378784e+02 1.1780035567283630e+02 1.1399988222122192e+02
  8.5200167655944824e+01 7.9919289350509644e+01 7.8920217037200928e+01
  7.3397743463516235e+01</reward>
<time>
  4.4012053012847900e+00 8.2804260253906250e+00 1.3802676677703857e+01
  1.5400258779525757e+01 2.5201250314712524e+01 2.9999239444732666e+01
  3.2199252128601074e+01 3.6480417490005493e+01 4.4199724435806274e+01
  4.7480502367019653e+01 4.9799498319625854e+01 5.1879745483398438e+01
  5.3999746561050415e+01 5.5000092029571533e+01 6.0600919008255005e+01
  6.4799293994903564e+01 6.4999343872070312e+01 6.8079455137252808e+01
  7.4200206041336060e+01 7.5214243650436401e+01 7.9080513715744019e+01
  7.9210693836212158e+01 8.2199644327163696e+01 8.6000117778778076e+01
  1.1479983234405518e+02 1.2008071064949036e+02 1.2107978296279907e+02
  1.2660225653648376e+02</time>
<cumulative_reward>3.9149289507865906e+03</cumulative_reward>
</opencv_storage>
