<?xml version="1.0"?>
<opencv_storage>
<task_selection_method>greedy_completion_reward</task_selection_method>
<param>34</param>
<map_name>osu_field</map_name>
<num_agents>3</num_agents>
<num_nodes>100</num_nodes>
<reward>
  4.6253614333588843e+02 4.5799440418638090e+02 4.3407735042610864e+02
  4.7725422933620661e+02 4.5352312290413334e+02 4.1791601528275896e+02
  4.1753551398388737e+02 4.2820356269636108e+02 4.0431305958569618e+02
  4.0391643615218436e+02 3.9095405609192602e+02 3.9156148102205123e+02
  3.8477311116062805e+02 4.1374661272884919e+02 3.9045373236329584e+02
  3.7528395248042597e+02 3.3704009619901905e+02 2.8460977440836871e+02
  2.7352523987393835e+02 3.3945632697237914e+02 2.5771634463262296e+02
  2.4845952708872360e+02 2.3092661297741944e+02 2.2801599304134260e+02
  2.3487867751214719e+02 2.2095558278305944e+02 2.1190145787846259e+02
  2.1537280853407310e+02</reward>
<time>
  1.9999514102935791e+01 2.8999198436737061e+01 4.7999269723892212e+01
  4.7999269723892212e+01 5.4999280691146851e+01 8.6000073194503784e+01
  8.6000073194503784e+01 1.0999942135810852e+02 1.2599992012977600e+02
  1.3599973082542419e+02 1.6799952125549316e+02 1.8499983572959900e+02
  1.8599979066848755e+02 1.9299955964088440e+02 2.0699950671195984e+02
  2.0799946188926697e+02 2.2099923825263977e+02 2.6299947881698608e+02
  2.8699930024147034e+02 3.0999920678138733e+02 3.1599934244155884e+02
  3.4099936580657959e+02 3.6399921298027039e+02 3.7499934506416321e+02
  3.9200006651878357e+02 3.9299966335296631e+02 4.0699982261657715e+02
  4.1499928641319275e+02</time>
<cumulative_reward>9.7869012256383394e+03</cumulative_reward>
</opencv_storage>
