<?xml version="1.0"?>
<opencv_storage>
<task_selection_method>mcts_task_by_completion_reward_gradient</task_selection_method>
<param>50</param>
<num_agents>1</num_agents>
<num_nodes>100</num_nodes>
<reward>
  2.6879453717733332e+02 3.0734530352259401e+02 3.0150212425549233e+02</reward>
<time>
  1.7501615762710571e+01 4.4941828489303589e+01 5.6141381263732910e+01</time>
<cumulative_reward>8.7764196495541978e+02</cumulative_reward>
</opencv_storage>
