<?xml version="1.0"?>
<opencv_storage>
<reward>
  9.9517139999999999e+03 9.9487080000000005e+03 9.9457099999999991e+03
  9.9447109999999993e+03 9.9376499999999996e+03 9.9376499999999996e+03
  9.9367060000000001e+03</reward>
<time>
  4.8286000000000001e+01 5.1292000000000002e+01 5.4289999999999999e+01
  5.5289000000000001e+01 6.2350000000000001e+01 6.2350000000000001e+01
  6.3293999999999997e+01</time>
</opencv_storage>
