<?xml version="1.0"?>
<opencv_storage>
<task_selection_method>greedy_completion_reward</task_selection_method>
<reward>
  9.9979978227615356e+03 9.9880003485679626e+03 9.9799969849586487e+03
  9.9679976131916046e+03 9.9590007145404816e+03 9.9560017547607422e+03
  9.9459997668266296e+03 9.9219999287128448e+03 9.9120007040500641e+03
  9.9059998123645782e+03 9.8889998221397400e+03 9.8579967634677887e+03</reward>
<time>
  2.0021772384643555e+00 1.1999651432037354e+01 2.0003015041351318e+01
  3.2002386808395386e+01 4.0999285459518433e+01 4.3998245239257812e+01
  5.4000233173370361e+01 7.8000071287155151e+01 8.7999295949935913e+01
  9.4000187635421753e+01 1.1100017786026001e+02 1.4200323653221130e+02</time>
</opencv_storage>
