<?xml version="1.0"?>
<opencv_storage>
<task_selection_method>mcts_task_by_completion_reward_gradient</task_selection_method>
<reward>
  9.9979694733619690e+03 9.9979593086242676e+03 9.9978294613361359e+03
  9.9938400301933289e+03 9.9908366911411285e+03 9.9880375034809113e+03
  9.9828379402160645e+03 9.9809669065475464e+03 9.9779663758277893e+03
  9.9730166273117065e+03 9.9728349156379700e+03 9.9710063731670380e+03
  9.9640394475460052e+03 9.9500072324275970e+03 9.9480087630748749e+03
  9.9370384268760681e+03 9.9349987075328827e+03 9.9080080754756927e+03</reward>
<time>
  2.0305266380310059e+00 2.0406913757324219e+00 2.1705386638641357e+00
  6.1599698066711426e+00 9.1633088588714600e+00 1.1962496519088745e+01
  1.7162059783935547e+01 1.9033093452453613e+01 2.2033624172210693e+01
  2.6983372688293457e+01 2.7165084362030029e+01 2.8993626832962036e+01
  3.5960552453994751e+01 4.9992767572402954e+01 5.1991236925125122e+01
  6.2961573123931885e+01 6.5001292467117310e+01 9.1991924524307251e+01</time>
</opencv_storage>
