<?xml version="1.0"?>
<opencv_storage>
<task_selection_method>mcts_task_by_completion_reward_gradient</task_selection_method>
<param>3</param>
<num_agents>7</num_agents>
<num_nodes>100</num_nodes>
<reward>
  1.8787172385955643e+02 2.3697435322535614e+02 1.8868637442024340e+02
  1.8650425840336686e+02 1.6119257326888140e+02 1.8505294497312528e+02
  2.5356276597574134e+02 2.4980449435848925e+02 2.1786291666569218e+02
  2.7392082873414932e+02 2.8608129842781352e+02 2.2039198824312118e+02
  2.2457954069626564e+02 1.8854234422310824e+02 1.9365293607039706e+02
  1.8437760942997159e+02 2.7759918558632592e+02 2.4616510920190879e+02
  2.7495568318313360e+02 1.9072442377316597e+02 2.0684901481635728e+02
  2.1267321060374337e+02 3.0828829571719524e+02 1.2801709974523456e+02
  1.0837831898021717e+02 1.8863010612350135e+02 1.1193365482482118e+02
  1.8715740165937618e+02 1.5462758931767863e+02 1.5135017866189887e+02
  2.3957188175790193e+02 1.8993701226443079e+02 1.9182728660925375e+02
  1.9289726454454296e+02 1.1162669227433072e+02 1.9471225566205297e+02
  1.8341161611791102e+02 2.8292706163761409e+02 3.0866707881960406e+02
  1.8172442909367214e+02</reward>
<time>
  5.1446104049682617e-01 5.7538604736328125e-01 7.0343112945556641e-01
  5.3353447914123535e+00 6.1253914833068848e+00 6.3754019737243652e+00
  8.3251371383666992e+00 9.3048141002655029e+00 9.5031054019927979e+00
  9.9041776657104492e+00 9.9149637222290039e+00 1.2114309549331665e+01
  1.4304754495620728e+01 1.5904725074768066e+01 1.6914938688278198e+01
  1.7577126026153564e+01 1.7775324106216431e+01 1.9516903400421143e+01
  1.9954736232757568e+01 2.0304349422454834e+01 2.2904209375381470e+01
  2.4504164695739746e+01 2.6903116464614868e+01 2.7304136276245117e+01
  2.7528237581253052e+01 2.7774983167648315e+01 3.0906436681747437e+01
  3.1304114580154419e+01 3.1765161991119385e+01 3.6392642259597778e+01
  3.7103688478469849e+01 3.8902912855148315e+01 4.0374376296997070e+01
  4.1524025678634644e+01 4.3702616930007935e+01 4.6503435134887695e+01
  5.0154437303543091e+01 5.0703695058822632e+01 5.6104214668273926e+01
  5.9782955646514893e+01</time>
<cumulative_reward>8.2637108019511506e+03</cumulative_reward>
</opencv_storage>
