<?xml version="1.0"?>
<opencv_storage>
<task_selection_method>greedy_completion_reward</task_selection_method>
<param>8</param>
<num_agents>2</num_agents>
<num_nodes>100</num_nodes>
<reward>
  1.9971517825126648e+02 1.9959613418579102e+02 1.9659824562072754e+02
  1.9419501209259033e+02 1.9317220902442932e+02 1.8839694261550903e+02
  1.8439583420753479e+02 1.8419588088989258e+02 1.7959636712074280e+02
  1.7299499702453613e+02 1.7257187080383301e+02 1.6579216408729553e+02
  1.6417313265800476e+02 1.4419569182395935e+02 1.3597423791885376e+02
  1.3316695213317871e+02 1.2731397485733032e+02 1.2639691638946533e+02
  1.2099290060997009e+02 1.1819388294219971e+02 1.1759381055831909e+02
  1.1617261505126953e+02 1.1599561786651611e+02 1.1071494174003601e+02
  1.1059770894050598e+02 9.6974142551422119e+01 9.4598743438720703e+01
  8.1795896291732788e+01 8.0514565706253052e+01 7.5595044136047363e+01
  5.9595606327056885e+01</reward>
<time>
  2.8482174873352051e-01 4.0386581420898438e-01 3.4017543792724609e+00
  5.8049879074096680e+00 6.8277909755706787e+00 1.1603057384490967e+01
  1.5604165792465210e+01 1.5804119110107422e+01 2.0403632879257202e+01
  2.7005002975463867e+01 2.7428129196166992e+01 3.4207835912704468e+01
  3.5826867341995239e+01 5.5804308176040649e+01 6.4025762081146240e+01
  6.6833047866821289e+01 7.2686025142669678e+01 7.3603083610534668e+01
  7.9007099390029907e+01 8.1806117057800293e+01 8.2406189441680908e+01
  8.3827384948730469e+01 8.4004382133483887e+01 8.9285058259963989e+01
  8.9402291059494019e+01 1.0302585744857788e+02 1.0540125656127930e+02
  1.1820410370826721e+02 1.1948543429374695e+02 1.2440495586395264e+02
  1.4040439367294312e+02</time>
<cumulative_reward>4.3617772178649902e+03</cumulative_reward>
</opencv_storage>
