<?xml version="1.0"?>
<opencv_storage>
<task_selection_method>greedy_completion_reward</task_selection_method>
<param>34</param>
<num_agents>2</num_agents>
<num_nodes>200</num_nodes>
<reward>
  1.9829621481895447e+02 1.9782223796844482e+02 1.9709722042083740e+02
  1.9669744157791138e+02 1.9549441456794739e+02 1.9469533061981201e+02
  1.9409540009498596e+02 1.9329464292526245e+02 1.9289621281623840e+02
  1.9189463853836060e+02 1.9169486856460571e+02 1.9109560370445251e+02
  1.9069623541831970e+02 1.9009485912322998e+02 1.8942325305938721e+02
  1.8769337296485901e+02 1.8522535681724548e+02 1.8482464575767517e+02
  1.8289451503753662e+02 1.8242516303062439e+02 1.8169465303421021e+02
  1.8169465303421021e+02 1.8009384346008301e+02 1.7949425745010376e+02
  1.7909652733802795e+02 1.7422482609748840e+02 1.7329296588897705e+02
  1.7149230694770813e+02 1.7089427185058594e+02 1.6949605679512024e+02
  1.6742581677436829e+02 1.6628920340538025e+02 1.6621841096878052e+02
  1.6530019497871399e+02 1.6401786613464355e+02 1.6369596648216248e+02
  1.6369550395011902e+02 1.6289962029457092e+02 1.6161820864677429e+02
  1.5849654579162598e+02 1.5849654579162598e+02 1.5169859600067139e+02
  1.4862324595451355e+02 1.4769658112525940e+02 1.4742459487915039e+02
  1.4669537377357483e+02 1.4562351012229919e+02 1.4509507560729980e+02
  1.4189343404769897e+02 1.3789536762237549e+02 1.3569434094429016e+02
  1.2629310369491577e+02 1.1609393596649170e+02 1.1429585123062134e+02
  1.1269528388977051e+02 1.1029063987731934e+02</reward>
<time>
  1.7037851810455322e+00 2.1777620315551758e+00 2.9027795791625977e+00
  3.3025584220886230e+00 4.5055854320526123e+00 5.3046693801879883e+00
  5.9045999050140381e+00 6.7053570747375488e+00 7.1037871837615967e+00
  8.1053614616394043e+00 8.3051314353942871e+00 8.9043962955474854e+00
  9.3037645816802979e+00 9.9051408767700195e+00 1.0576746940612793e+01
  1.2306627035140991e+01 1.4774643182754517e+01 1.5175354242324829e+01
  1.7105484962463379e+01 1.7574836969375610e+01 1.8305346965789795e+01
  1.8305346965789795e+01 1.9906156539916992e+01 2.0505742549896240e+01
  2.0903472661972046e+01 2.5775173902511597e+01 2.6707034111022949e+01
  2.8507693052291870e+01 2.9105728149414062e+01 3.0503943204879761e+01
  3.2574183225631714e+01 3.3710796594619751e+01 3.3781589031219482e+01
  3.4699805021286011e+01 3.5982133865356445e+01 3.6304033517837524e+01
  3.6304496049880981e+01 3.7100379705429077e+01 3.8381791353225708e+01
  4.1503454208374023e+01 4.1503454208374023e+01 4.8301403999328613e+01
  5.1376754045486450e+01 5.2303418874740601e+01 5.2575405120849609e+01
  5.3304626226425171e+01 5.4376489877700806e+01 5.4904924392700195e+01
  5.8106565952301025e+01 6.2104632377624512e+01 6.4305659055709839e+01
  7.3706896305084229e+01 8.3906064033508301e+01 8.5704148769378662e+01
  8.7304716110229492e+01 8.9709360122680664e+01</time>
<cumulative_reward>9.4159888076782227e+03</cumulative_reward>
</opencv_storage>
