<?xml version="1.0"?>
<opencv_storage>
<reward>
  9.9698230000000003e+03 9.9388220000000001e+03 9.9258230000000003e+03</reward>
<time>
  3.0177000000000000e+01 6.1177999999999997e+01 7.4177000000000007e+01</time>
</opencv_storage>
