<?xml version="1.0"?>
<opencv_storage>
<task_selection_method>greedy_completion_reward</task_selection_method>
<reward>
  9.9970150210857391e+03 9.9970150210857391e+03</reward>
<time>2.9849789142608643e+00</time>
</opencv_storage>
