<?xml version="1.0"?>
<opencv_storage>
<task_selection_method>mcts_task_by_completion_reward_gradient</task_selection_method>
<reward>
  9.9809565737247467e+03 9.9679471960067749e+03 9.9579465615749359e+03
  9.9429470164775848e+03 9.9279463107585907e+03 9.8999555623531342e+03
  9.8879563362598419e+03 9.8619484546184540e+03</reward>
<time>
  1.9043426275253296e+01 3.2052803993225098e+01 4.2053438425064087e+01
  5.7052983522415161e+01 7.2053689241409302e+01 1.0004443764686584e+02
  1.1204366374015808e+02 1.3805154538154602e+02</time>
</opencv_storage>
