<?xml version="1.0"?>
<opencv_storage>
<task_selection_method>mcts_task_by_completion_reward_gradient</task_selection_method>
<reward>
  9.9979548571109772e+03 9.9859550433158875e+03 9.9719550423622131e+03
  9.9639532785415649e+03 9.9489533436298370e+03 9.9359530503749847e+03
  9.9299554855823517e+03 9.9219556105136871e+03 9.8849560348987579e+03
  9.8649554300308228e+03</reward>
<time>
  2.0451428890228271e+00 1.4044956684112549e+01 2.8044957637786865e+01
  3.6046721458435059e+01 5.1046656370162964e+01 6.4046949625015259e+01
  7.0044514417648315e+01 7.8044389486312866e+01 1.1504396510124207e+02
  1.3504456996917725e+02</time>
</opencv_storage>
