<?xml version="1.0"?>
<opencv_storage>
<task_selection_method>mcts_task_by_completion_reward_gradient</task_selection_method>
<reward>
  9.9980008425712585e+03 9.9980008425712585e+03 9.9979400072097778e+03
  9.9930020151138306e+03 9.9890026104450226e+03 9.9889818286895752e+03
  9.9880018401145935e+03 9.9870010604858398e+03 9.9870010604858398e+03
  9.9830013117790222e+03 9.9799992082118988e+03 9.9790015022754669e+03
  9.9710024971961975e+03 9.9709414961338043e+03 9.9679983134269714e+03
  9.9670012416839600e+03 9.9619996562004089e+03 9.9590020627975464e+03
  9.9529986472129822e+03 9.9499821233749390e+03 9.9390012924671173e+03
  9.9130015935897827e+03</reward>
<time>
  1.9991574287414551e+00 1.9991574287414551e+00 2.0599927902221680e+00
  6.9979848861694336e+00 1.0997389554977417e+01 1.1018171310424805e+01
  1.1998159885406494e+01 1.2998939514160156e+01 1.2998939514160156e+01
  1.6998688220977783e+01 2.0000791788101196e+01 2.0998497724533081e+01
  2.8997502803802490e+01 2.9058503866195679e+01 3.2001686573028564e+01
  3.2998758316040039e+01 3.8000343799591064e+01 4.0997937202453613e+01
  4.7001352787017822e+01 5.0017876625061035e+01 6.0998707532882690e+01
  8.6998406410217285e+01</time>
</opencv_storage>
