<?xml version="1.0"?>
<opencv_storage>
<task_selection_method>greedy_completion_reward</task_selection_method>
<reward>
  9.9863709999999992e+03 9.9773709999999992e+03 9.9713729999999996e+03
  9.9693709999999992e+03 9.9683729999999996e+03 9.9643719999999994e+03
  9.9563680000000004e+03</reward>
<time>
  1.3628999999999998e+01 2.2628999999999998e+01 2.8627000000000002e+01
  3.0628999999999998e+01 3.1627000000000002e+01 3.5627999999999993e+01
  4.3631999999999998e+01</time>
</opencv_storage>
