<?xml version="1.0"?>
<opencv_storage>
<task_selection_method>greedy_completion_reward</task_selection_method>
<reward>
  9.9921771609783173e+03 9.9882880926132202e+03 9.9851769709587097e+03
  9.9842859859466553e+03 9.9722862403392792e+03 9.9692856626510620e+03
  9.9461788971424103e+03</reward>
<time>
  7.8228390216827393e+00 1.1711907386779785e+01 1.4823029041290283e+01
  1.5714014053344727e+01 2.7713759660720825e+01 3.0714337348937988e+01
  5.3821102857589722e+01</time>
</opencv_storage>
