<?xml version="1.0"?>
<opencv_storage>
<task_selection_method>greedy_completion_reward</task_selection_method>
<param>34</param>
<map_name>osu_field</map_name>
<num_agents>3</num_agents>
<num_nodes>100</num_nodes>
<reward>
  4.7704172148159029e+02 4.1633227050838974e+02 4.1791601528275896e+02
  4.0495685164365722e+02 3.9095405609192602e+02 4.3407735042610864e+02
  4.1692365074670096e+02 4.6253614333588843e+02 2.1004327231147687e+02
  3.9181764667356401e+02 3.7674177518926768e+02 4.0391643615218436e+02
  3.1963694263128161e+02 4.5352312290413334e+02 3.2261538682304615e+02
  2.2095558278305944e+02 4.2820356269636108e+02 2.8770996516814654e+02
  2.5933775151972634e+02 2.6138341097866555e+02 3.9156148102205123e+02
  4.5799440418638090e+02 2.5155561521271343e+02 2.3092661297741944e+02
  3.3987842723766596e+02 3.8477311116062805e+02 2.3487867751214719e+02
  2.7352523987393835e+02 2.0125716174158768e+02 2.1190145787846259e+02
  2.2801599304134260e+02 2.1537280853407310e+02 3.3669257971190115e+02</reward>
<time>
  5.2991592407226562e+01 5.7990502834320068e+01 7.9990812301635742e+01
  9.4998807430267334e+01 9.6991070508956909e+01 1.0599055194854736e+02
  1.0798974752426147e+02 1.1200158095359802e+02 1.1699026989936829e+02
  1.2199098587036133e+02 1.2499029946327209e+02 1.2899101257324219e+02
  1.3599602103233337e+02 1.3799116063117981e+02 1.6999064397811890e+02
  1.7499935007095337e+02 1.8099202013015747e+02 1.8200034928321838e+02
  1.8799099326133728e+02 1.9399168467521667e+02 2.0099331855773926e+02
  2.1699085998535156e+02 2.2399078273773193e+02 2.3699078226089478e+02
  2.3899139785766602e+02 2.4599175739288330e+02 2.4999053239822388e+02
  2.5299113893508911e+02 2.6099149298667908e+02 2.6199201726913452e+02
  2.6899055123329163e+02 2.7399087834358215e+02 2.7999137210845947e+02</time>
<cumulative_reward>1.1114956485438244e+04</cumulative_reward>
</opencv_storage>
