<?xml version="1.0"?>
<opencv_storage>
<task_selection_method>mcts_task_by_completion_reward_gradient</task_selection_method>
<reward>
  9.9980069193840027e+03 9.9979760394096375e+03 9.9979360871315002e+03
  9.9890119180679321e+03 9.9889915182590485e+03 9.9870015347003937e+03
  9.9848106915950775e+03 9.9838120536804199e+03 9.9829913113117218e+03
  9.9829709565639496e+03 9.9759800503253937e+03 9.9740006024837494e+03
  9.9729926490783691e+03 9.9719991052150726e+03 9.9709316682815552e+03
  9.9699926400184631e+03 9.9689607720375061e+03 9.9649930934906006e+03
  9.9530033764839172e+03 9.9479630956649780e+03 9.9430107169151306e+03</reward>
<time>
  1.9930806159973145e+00 2.0239605903625488e+00 2.0639128684997559e+00
  1.0988081932067871e+01 1.1008481740951538e+01 1.2998465299606323e+01
  1.5189308404922485e+01 1.6187946319580078e+01 1.7008688688278198e+01
  1.7029043436050415e+01 2.4019949674606323e+01 2.5999397516250610e+01
  2.7007350921630859e+01 2.8000894784927368e+01 2.9068331718444824e+01
  3.0007359981536865e+01 3.1039227962493896e+01 3.5006906509399414e+01
  4.6996623516082764e+01 5.2036904335021973e+01 5.6989283084869385e+01</time>
</opencv_storage>
