<?xml version="1.0"?>
<opencv_storage>
<task_selection_method>greedy_completion_reward</task_selection_method>
<reward>
  9.9990083606243134e+03 9.9896073665618896e+03</reward>
<time>1.0392633438110352e+01</time>
</opencv_storage>
