<?xml version="1.0"?>
<opencv_storage>
<task_selection_method>greedy_completion_reward</task_selection_method>
<reward>
  9.9979992043972015e+03 9.9979992043972015e+03 9.9979992043972015e+03
  9.9969976377487183e+03 9.9929998281002045e+03 9.9909975228309631e+03
  9.9909975228309631e+03 9.9870018153190613e+03 9.9829971172809601e+03
  9.9749981780052185e+03 9.9749981780052185e+03 9.9709976267814636e+03
  9.9659991712570190e+03 9.9659991712570190e+03 9.9589968228340149e+03
  9.9579974493980408e+03 9.9569979641437531e+03 9.9519972541332245e+03
  9.9509978098869324e+03 9.9499983329772949e+03 9.9439987967014313e+03
  9.9429992461204529e+03</reward>
<time>
  2.0007956027984619e+00 2.0007956027984619e+00 2.0007956027984619e+00
  3.0023622512817383e+00 7.0001718997955322e+00 9.0024771690368652e+00
  9.0024771690368652e+00 1.2998184680938721e+01 1.7002882719039917e+01
  2.5001821994781494e+01 2.5001821994781494e+01 2.9002373218536377e+01
  3.4000828742980957e+01 3.4000828742980957e+01 4.1003177165985107e+01
  4.2002550601959229e+01 4.3002035856246948e+01 4.8002745866775513e+01
  4.9002190113067627e+01 5.0001667022705078e+01 5.6001203298568726e+01
  5.7000753879547119e+01</time>
</opencv_storage>
