<?xml version="1.0"?>
<opencv_storage>
<task_selection_method>greedy_completion_reward</task_selection_method>
<param>34</param>
<num_agents>1</num_agents>
<num_nodes>20</num_nodes>
<reward>
  1.9884697079658508e+02 1.9283140134811401e+02 1.8664326477050781e+02
  1.8063459920883179e+02 1.7444170761108398e+02 1.6843139004707336e+02
  1.6224137020111084e+02 1.4604250049591064e+02 1.2763397598266602e+02
  9.0832021713256836e+01 8.4240983247756958e+01 7.3441145420074463e+01
  6.6232095479965210e+01</reward>
<time>
  1.1530292034149170e+00 7.1685986518859863e+00 1.3356735229492188e+01
  1.9365400791168213e+01 2.5558292388916016e+01 3.1568609952926636e+01
  3.7758629798889160e+01 5.3957499504089355e+01 7.2366024017333984e+01
  1.0916797828674316e+02 1.1575901675224304e+02 1.2655885457992554e+02
  1.3376790452003479e+02</time>
<cumulative_reward>1.8524934263229370e+03</cumulative_reward>
</opencv_storage>
