<?xml version="1.0"?>
<opencv_storage>
<task_selection_method>greedy_completion_reward</task_selection_method>
<reward>
  9.9859955089092255e+03 9.9790011258125305e+03 9.9670007867813110e+03
  9.9589984836578369e+03 9.9339968895912170e+03 9.9199955914020538e+03
  9.9129973218441010e+03 9.8830011403560638e+03</reward>
<time>
  1.4004491090774536e+01 2.0998874187469482e+01 3.2999213218688965e+01
  4.1001516342163086e+01 6.6003110408782959e+01 8.0004408597946167e+01
  8.7002678155899048e+01 1.1699885964393616e+02</time>
</opencv_storage>
