<?xml version="1.0"?>
<opencv_storage>
<task_selection_method>mcts_task_by_completion_reward_gradient</task_selection_method>
<reward>
  9.9909609410762787e+03 9.9899903678894043e+03 9.9819608185291290e+03
  9.9809916722774506e+03 9.9779608099460602e+03 9.9769706764221191e+03
  9.9749610292911530e+03 9.9730036551952362e+03 9.9729726047515869e+03
  9.9689612877368927e+03 9.9559915740489960e+03 9.9559608130455017e+03
  9.9549725143909454e+03 9.9459597294330597e+03 9.9449926521778107e+03
  9.9439714264869690e+03 9.9419703743457794e+03 9.9389724633693695e+03
  9.9239927816390991e+03 9.9129713828563690e+03 9.8899598155021667e+03
  9.8859917118549347e+03</reward>
<time>
  9.0390589237213135e+00 1.0009632110595703e+01 1.8039181470870972e+01
  1.9008327722549438e+01 2.2039190053939819e+01 2.3029323577880859e+01
  2.5038970708847046e+01 2.6996344804763794e+01 2.7027395248413086e+01
  3.1038712263107300e+01 4.4008425951004028e+01 4.4039186954498291e+01
  4.5027485609054565e+01 5.4040270566940308e+01 5.5007347822189331e+01
  5.6028573513031006e+01 5.8029625654220581e+01 6.1027536630630493e+01
  7.6007218360900879e+01 8.7028617143630981e+01 1.1004018449783325e+02
  1.1400828814506531e+02</time>
</opencv_storage>
