<?xml version="1.0"?>
<opencv_storage>
<task_selection_method>greedy_completion_reward</task_selection_method>
<reward>
  9.9854197649955750e+03 9.9750153753757477e+03</reward>
<time>2.4984624624252319e+01</time>
</opencv_storage>
