<?xml version="1.0"?>
<opencv_storage>
<reward>
  9.9636740000000009e+03 9.9576730000000007e+03 9.9156740000000009e+03
  9.9076740000000009e+03 9.8646740000000009e+03</reward>
<time>
  3.6326000000000001e+01 4.2326999999999998e+01 8.4325999999999993e+01
  9.2325999999999993e+01 1.3532599999999999e+02</time>
</opencv_storage>
