<?xml version="1.0"?>
<opencv_storage>
<reward>
  9.9439629999999997e+03 9.9319619999999995e+03 9.8759619999999995e+03
  9.8589619999999995e+03 9.8459629999999997e+03 9.8309629999999997e+03
  9.8209619999999995e+03 9.8019619999999995e+03 9.7859619999999995e+03
  9.7129619999999995e+03</reward>
<time>
  5.6036999999999999e+01 6.8037999999999997e+01 1.2403800000000000e+02
  1.4103800000000001e+02 1.5403700000000001e+02 1.6903700000000001e+02
  1.7903800000000001e+02 1.9803800000000001e+02 2.1403800000000001e+02
  2.8703800000000001e+02</time>
</opencv_storage>
