<?xml version="1.0"?>
<opencv_storage>
<task_selection_method>mcts_task_by_completion_reward_gradient</task_selection_method>
<reward>
  9.9809239130020142e+03 9.9739251363277435e+03 9.9609228115081787e+03
  9.9529236936569214e+03 9.9349246451854706e+03 9.9199158487319946e+03
  9.9129251818656921e+03 9.8829246151447296e+03</reward>
<time>
  1.9076086997985840e+01 2.6074863672256470e+01 3.9077188491821289e+01
  4.7076306343078613e+01 6.5075354814529419e+01 8.0084151268005371e+01
  8.7074818134307861e+01 1.1707538485527039e+02</time>
</opencv_storage>
