<?xml version="1.0"?>
<opencv_storage>
<task_selection_method>greedy_completion_reward</task_selection_method>
<reward>
  9.9929940000000006e+03 9.9709899999999998e+03 9.9609889999999996e+03
  9.9469879999999994e+03 9.8929889999999996e+03 9.8819879999999994e+03</reward>
<time>
  7.0060000000000002e+00 2.9009999999999998e+01 3.9011000000000003e+01
  5.3012000000000000e+01 1.0701100000000000e+02 1.1801200000000000e+02</time>
</opencv_storage>
