<?xml version="1.0"?>
<opencv_storage>
<task_selection_method>mcts_task_by_completion_reward_gradient</task_selection_method>
<param>5</param>
<num_agents>3</num_agents>
<num_nodes>100</num_nodes>
<reward>
  2.2875300254332436e+02 2.5222192841679822e+02 1.6861979237929731e+02
  1.6971053548334027e+02 3.1532064914848962e+02 2.3732068462355369e+02
  2.4283874128602372e+02 2.2215957535330699e+02 2.5008570470977330e+02
  2.5483138090085697e+02 2.5334851557747265e+02 1.7585016715574992e+02
  2.5448601489975431e+02 1.3763596129442030e+02 2.5492845405201930e+02
  3.3447530268343428e+02 2.5063155426058455e+02 1.4027889127565822e+02
  2.3470623298629465e+02 2.2279101544730099e+02</reward>
<time>
  3.9630484580993652e-01 3.7963047027587891e+00 9.0199551582336426e+00
  1.4230079889297485e+01 1.6598238945007324e+01 1.8219200849533081e+01
  2.8799780607223511e+01 3.0197267532348633e+01 3.1427808523178101e+01
  3.6597278833389282e+01 3.8598121643066406e+01 4.3618468046188354e+01
  4.4198076486587524e+01 4.5798369646072388e+01 4.7628641843795776e+01
  5.1218211174011230e+01 5.2997633695602417e+01 5.6996823310852051e+01
  5.7197600126266479e+01 5.8397733449935913e+01</time>
<cumulative_reward>4.6009941044774541e+03</cumulative_reward>
</opencv_storage>
