<?xml version="1.0"?>
<opencv_storage>
<task_selection_method>greedy_completion_reward</task_selection_method>
<reward>
  9.9932378802299500e+03 9.9839380693435669e+03 9.9832578427791595e+03
  9.9695376498699188e+03 9.9647573640346527e+03 9.9437379591464996e+03</reward>
<time>5.6262040853500366e+01</time>
</opencv_storage>
