<?xml version="1.0"?>
<opencv_storage>
<task_selection_method>greedy_completion_reward</task_selection_method>
<reward>
  9.9937001135349274e+03 9.9832064843177795e+03 9.9752065281867981e+03
  9.9584061536788940e+03 9.9532064661979675e+03</reward>
<time>4.6793533802032471e+01</time>
</opencv_storage>
