<?xml version="1.0"?>
<opencv_storage>
<reward>
  9.9787710000000006e+03 9.9557690000000002e+03 9.9437700000000004e+03
  9.9347710000000006e+03 9.9187700000000004e+03 9.9047710000000006e+03
  9.8977700000000004e+03 9.8647690000000002e+03 9.8577739999999994e+03
  9.8487710000000006e+03 9.8267710000000006e+03 9.7927710000000006e+03
  9.7837720000000008e+03</reward>
<time>
  2.1228999999999999e+01 4.4231000000000002e+01 5.6229999999999997e+01
  6.5228999999999999e+01 8.1230000000000004e+01 9.5228999999999999e+01
  1.0223000000000000e+02 1.3523099999999999e+02 1.4222600000000000e+02
  1.5122900000000001e+02 1.7322900000000001e+02 2.0722900000000001e+02
  2.1622800000000001e+02</time>
</opencv_storage>
