<?xml version="1.0"?>
<opencv_storage>
<task_selection_method>greedy_completion_reward</task_selection_method>
<param>34</param>
<num_agents>1</num_agents>
<num_nodes>100</num_nodes>
<reward>
  2.0125716174158768e+02 4.5799440418638090e+02 4.3407735042610864e+02
  2.9217642844167284e+02 4.1791601528275896e+02 4.1749917112011320e+02
  4.1559849308506841e+02 2.2095558278305944e+02</reward>
<time>
  2.0305289745330811e+01 4.2305086612701416e+01 4.9304777622222900e+01
  6.5304421424865723e+01 8.5305161714553833e+01 8.7305294275283813e+01
  9.6304388999938965e+01 1.0530347251892090e+02</time>
<cumulative_reward>2.8574746070667502e+03</cumulative_reward>
</opencv_storage>
