<?xml version="1.0"?>
<opencv_storage>
<reward>
  9.9457330000000002e+03 9.9337320000000000e+03 9.9227340000000004e+03
  9.9127330000000002e+03 9.8867330000000002e+03</reward>
<time>
  5.4267000000000003e+01 6.6268000000000001e+01 7.7266000000000005e+01
  8.7266999999999996e+01 1.1326700000000000e+02</time>
</opencv_storage>
