<?xml version="1.0"?>
<opencv_storage>
<task_selection_method>mcts_task_by_completion_reward_gradient</task_selection_method>
<reward>
  9.9819538590908051e+03 9.9730033383369446e+03 9.9680031991004944e+03
  9.9560027897357941e+03 9.9450034475326538e+03 9.9290039911270142e+03
  9.9170031507015228e+03 9.9050017549991608e+03 9.8860031812191010e+03
  9.8680038950443268e+03</reward>
<time>
  1.8046140909194946e+01 2.6996661663055420e+01 3.1996800899505615e+01
  4.3997210264205933e+01 5.4996552467346191e+01 7.0996008872985840e+01
  8.2996849298477173e+01 9.4998245000839233e+01 1.1399681878089905e+02
  1.3199610495567322e+02</time>
</opencv_storage>
