<?xml version="1.0"?>
<opencv_storage>
<task_selection_method>mcts_task_by_completion_reward_gradient</task_selection_method>
<param>34</param>
<num_agents>2</num_agents>
<num_nodes>200</num_nodes>
<reward>
  1.9743727421760559e+02 1.9705811357498169e+02 1.9608621692657471e+02
  1.9568859219551086e+02 1.9483803582191467e+02 1.9364820623397827e+02
  1.9328839874267578e+02 1.9203671026229858e+02 1.9188757205009460e+02
  1.9028954172134399e+02 1.8808977365493774e+02 1.8728848719596863e+02
  1.8408910274505615e+02 1.8324925088882446e+02 1.8308798170089722e+02
  1.8225927543640137e+02 1.8168774056434631e+02 1.8105810570716858e+02
  1.7748901867866516e+02 1.7623733973503113e+02 1.7602840805053711e+02
  1.7568826031684875e+02 1.7308829188346863e+02 1.7224863553047180e+02
  1.7128936886787415e+02 1.6868880581855774e+02 1.6288800215721130e+02
  1.6285695123672485e+02 1.6128866314888000e+02 1.6081926488876343e+02
  1.6028827762603760e+02 1.5886810421943665e+02 1.5746800518035889e+02
  1.5588922619819641e+02 1.5368785834312439e+02 1.5206985616683960e+02
  1.4828777885437012e+02 1.4568821215629578e+02 1.4408888387680054e+02
  1.4308794164657593e+02 1.4188875436782837e+02 1.3968847179412842e+02
  1.3886879634857178e+02 1.3788854360580444e+02 1.3688814949989319e+02
  1.3687748122215271e+02 1.3268844270706177e+02 1.3068930888175964e+02
  1.2724799394607544e+02 0. 0. 0. 0. 0. 0. 0. 0. 0. 0. 0. 0. 0. 0. 0. 0.
  0. 0. 0. 0. 0. 0. 0. 0. 0. 0. 0. 0. 0. 0. 0. 0. 1.2285771775245667e+02
  0. 0. 0. 0. 0. 0. 0. 0. 0. 0. 0. 0. 0. 0. 0. 0. 0. 0. 0. 0. 0. 0. 0.
  0. 0. 0. 0. 0. 0. 0. 0. 0. 0. 0. 0. 0. 0. 0. 0. 1.1888919162750244e+02</reward>
<time>
  2.5627257823944092e+00 2.9418864250183105e+00 3.9137830734252930e+00
  4.3114078044891357e+00 5.1619641780853271e+00 6.3517937660217285e+00
  6.7116012573242188e+00 7.9632897377014160e+00 8.1124279499053955e+00
  9.7104582786560059e+00 1.1910226345062256e+01 1.2711512804031372e+01
  1.5910897254943848e+01 1.6750749111175537e+01 1.6912018299102783e+01
  1.7740724563598633e+01 1.8312259435653687e+01 1.8941894292831421e+01
  2.2510981321334839e+01 2.3762660264968872e+01 2.3971591949462891e+01
  2.4311739683151245e+01 2.6911708116531372e+01 2.7751364469528198e+01
  2.8710631132125854e+01 3.1311194181442261e+01 3.7111997842788696e+01
  3.7143048763275146e+01 3.8711336851119995e+01 3.9180735111236572e+01
  3.9711722373962402e+01 4.1131895780563354e+01 4.2531994819641113e+01
  4.4110773801803589e+01 4.6312141656875610e+01 4.7930143833160400e+01
  5.1712221145629883e+01 5.4311787843704224e+01 5.5911116123199463e+01
  5.6912058353424072e+01 5.8111245632171631e+01 6.0311528205871582e+01
  6.1131203651428223e+01 6.2111456394195557e+01 6.3111850500106812e+01
  6.3122518777847290e+01 6.7311557292938232e+01 6.9310691118240356e+01
  7.2752006053924561e+01 7.4111206293106079e+01 7.4131976604461670e+01
  7.4310524225234985e+01 7.4331319332122803e+01 7.4511314868927002e+01
  7.4532120466232300e+01 7.4711145162582397e+01 7.4731964588165283e+01
  7.4910644054412842e+01 7.4931554317474365e+01 7.5112343311309814e+01
  7.5133113384246826e+01 7.5311218976974487e+01 7.5332050085067749e+01
  7.5511216163635254e+01 7.5532224416732788e+01 7.5711232423782349e+01
  7.5732056856155396e+01 7.5911078453063965e+01 7.5931945562362671e+01
  7.6110586643218994e+01 7.6131420135498047e+01 7.6311074972152710e+01
  7.6332052946090698e+01 7.6511383295059204e+01 7.6532448768615723e+01
  7.6710294246673584e+01 7.6731320619583130e+01 7.6911047935485840e+01
  7.6931920766830444e+01 7.7111215114593506e+01 7.7132121562957764e+01
  7.7142282247543335e+01 7.7311204671859741e+01 7.7331269741058350e+01
  7.7512421369552612e+01 7.7533417463302612e+01 7.7710526943206787e+01
  7.7731414079666138e+01 7.7911218643188477e+01 7.7932123422622681e+01
  7.8109940290451050e+01 7.8130829811096191e+01 7.8311369419097900e+01
  7.8332231760025024e+01 7.8509875774383545e+01 7.8530748605728149e+01
  7.8711454391479492e+01 7.8732331037521362e+01 7.8911138772964478e+01
  7.8932054758071899e+01 7.9111162662506104e+01 7.9132132768630981e+01
  7.9311001300811768e+01 7.9331928730010986e+01 7.9511259794235229e+01
  7.9532193899154663e+01 7.9709711313247681e+01 7.9730603694915771e+01
  7.9909495592117310e+01 7.9930356025695801e+01 8.0110247373580933e+01
  8.0131151199340820e+01 8.0310516834259033e+01 8.0331488847732544e+01
  8.0511132001876831e+01 8.0532116651535034e+01 8.0709870815277100e+01
  8.0730753183364868e+01 8.0910387039184570e+01 8.0931322336196899e+01
  8.1110808372497559e+01 8.1110808372497559e+01</time>
<cumulative_reward>8.4355763859748840e+03</cumulative_reward>
</opencv_storage>
