<?xml version="1.0"?>
<opencv_storage>
<task_selection_method>mcts_task_by_completion_reward_gradient</task_selection_method>
<reward>
  9.9869861817359924e+03 9.9819659194946289e+03 9.9818079118728638e+03
  9.9779864134788513e+03 9.9769859967231750e+03 9.9738067975044250e+03
  9.9709853990077972e+03 9.9639653620719910e+03 9.9628069477081299e+03
  9.9589860999584198e+03 9.9578068795204163e+03 9.9479657988548279e+03
  9.9448071818351746e+03 9.9419863948822021e+03 9.9408069951534271e+03
  9.9379875938892365e+03 9.9359865334033966e+03 9.9329861116409302e+03
  9.9249672696590424e+03 9.9219863982200623e+03 9.9039864814281464e+03</reward>
<time>
  1.3013818264007568e+01 1.8034080505371094e+01 1.8192088127136230e+01
  2.2013586521148682e+01 2.3014003276824951e+01 2.6193202495574951e+01
  2.9014600992202759e+01 3.6034637928009033e+01 3.7193052291870117e+01
  4.1013900041580200e+01 4.2193120479583740e+01 5.2034201145172119e+01
  5.5192818164825439e+01 5.8013605117797852e+01 5.9193004846572876e+01
  6.2012406110763550e+01 6.4013466596603394e+01 6.7013888359069824e+01
  7.5032730340957642e+01 7.8013601779937744e+01 9.6013518571853638e+01</time>
</opencv_storage>
