<?xml version="1.0"?>
<opencv_storage>
<task_selection_method>greedy_completion_reward</task_selection_method>
<param>6</param>
<num_agents>2</num_agents>
<num_nodes>100</num_nodes>
<reward>
  1.9600181508064270e+02 1.9414942860603333e+02 1.9080160164833069e+02
  1.8520302772521973e+02 1.8420037245750427e+02 1.8020024204254150e+02
  1.7616269397735596e+02 1.7400343108177185e+02 1.6999992704391479e+02
  1.6700063586235046e+02 1.6280316948890686e+02 1.5756876969337463e+02
  1.5460005283355713e+02 1.4999982285499573e+02 1.4799926877021790e+02
  1.4119962787628174e+02 1.3954251813888550e+02 1.3936279773712158e+02
  1.2894311714172363e+02 1.0680346822738647e+02 9.6540791988372803e+01
  9.1749414682388306e+01 8.9203236818313599e+01 8.8399989843368530e+01
  8.6602444648742676e+01 7.4202973127365112e+01 7.0399167299270630e+01
  5.5148782014846802e+01 4.0602379322052002e+01</reward>
<time>
  3.9981849193572998e+00 5.8505713939666748e+00 9.1983983516693115e+00
  1.4796972274780273e+01 1.5799627542495728e+01 1.9799757957458496e+01
  2.3837306022644043e+01 2.5996568918228149e+01 3.0000072956085205e+01
  3.2999364137649536e+01 3.7196830511093140e+01 4.2431230306625366e+01
  4.5399947166442871e+01 5.0000177145004272e+01 5.2000731229782104e+01
  5.8800372123718262e+01 6.0457481861114502e+01 6.0637202262878418e+01
  7.1056882858276367e+01 9.3196531772613525e+01 1.0345920801162720e+02
  1.0825058531761169e+02 1.1079676318168640e+02 1.1160001015663147e+02
  1.1339755535125732e+02 1.2579702687263489e+02 1.2960083270072937e+02
  1.4485121798515320e+02 1.5939762067794800e+02</time>
<cumulative_reward>3.9393949680328369e+03</cumulative_reward>
</opencv_storage>
