<?xml version="1.0"?>
<opencv_storage>
<task_selection_method>greedy_completion_reward</task_selection_method>
<reward>
  9.9970060417652130e+03 9.9933403205871582e+03</reward>
<time>6.6596794128417969e+00</time>
</opencv_storage>
