<?xml version="1.0"?>
<opencv_storage>
<task_selection_method>greedy_completion_reward</task_selection_method>
<reward>
  9.9980114049911499e+03 9.9796107182502747e+03 9.9712110106945038e+03</reward>
<time>2.8788989305496216e+01</time>
</opencv_storage>
