<?xml version="1.0"?>
<opencv_storage>
<task_selection_method>greedy_completion_reward</task_selection_method>
<reward>
  9.9930014834403992e+03 9.9919995238780975e+03 9.9900028381347656e+03
  9.9859986426830292e+03 9.9859986426830292e+03 9.9859986426830292e+03
  9.9830001885890961e+03 9.9800023608207703e+03 9.9790028092861176e+03
  9.9780023729801178e+03 9.9770023920536041e+03 9.9700023927688599e+03
  9.9580032143592834e+03 9.9570011661052704e+03 9.9540001385211945e+03
  9.9460038230419159e+03 9.9149993414878845e+03 9.9120007877349854e+03
  9.9100027744770050e+03 9.9090027346611023e+03 9.8779997570514679e+03
  9.8700027010440826e+03</reward>
<time>
  6.9985165596008301e+00 8.0004761219024658e+00 9.9971618652343750e+00
  1.4001357316970825e+01 1.4001357316970825e+01 1.4001357316970825e+01
  1.6999811410903931e+01 1.9997639179229736e+01 2.0997190713882446e+01
  2.1997627019882202e+01 2.2997607946395874e+01 2.9997607231140137e+01
  4.1996785640716553e+01 4.2998833894729614e+01 4.5999861478805542e+01
  5.3996176958084106e+01 8.5000658512115479e+01 8.7999212265014648e+01
  8.9997225522994995e+01 9.0997265338897705e+01 1.2200024294853210e+02
  1.2999729895591736e+02</time>
</opencv_storage>
