<?xml version="1.0"?>
<opencv_storage>
<task_selection_method>mcts_task_by_completion_reward_gradient</task_selection_method>
<reward>
  9.9980017347335815e+03 9.9889516587257385e+03 9.9869717788696289e+03
  9.9819715659618378e+03 9.9810023078918457e+03 9.9808019897937775e+03
  9.9769722316265106e+03 9.9769325141906738e+03 9.9699516987800598e+03
  9.9689419183731079e+03 9.9619721462726593e+03 9.9589887123107910e+03
  9.9580017457008362e+03 9.9480021059513092e+03 9.9450019261837006e+03
  9.9320028564929962e+03</reward>
<time>
  1.9982652664184570e+00 1.1048341274261475e+01 1.3028221130371094e+01
  1.8028434038162231e+01 1.8997692108154297e+01 1.9198010206222534e+01
  2.3027768373489380e+01 2.3067485809326172e+01 3.0048301219940186e+01
  3.1058081626892090e+01 3.8027853727340698e+01 4.1011287689208984e+01
  4.1998254299163818e+01 5.1997894048690796e+01 5.4998073816299438e+01
  6.7997143507003784e+01</time>
</opencv_storage>
