<?xml version="1.0"?>
<opencv_storage>
<task_selection_method>mcts_task_by_completion_reward_gradient</task_selection_method>
<reward>
  9.9909236848354340e+03 9.9889149696826935e+03 9.9879417963027954e+03
  9.9859170913696289e+03 9.9820006594657898e+03 9.9799360685348511e+03
  9.9799269075393677e+03 9.9759168305397034e+03 9.9659206674098969e+03
  9.9639232606887817e+03 9.9549345304965973e+03 9.9549149057865143e+03
  9.9539288368225098e+03 9.9459409561157227e+03 9.9449298324584961e+03
  9.9289204065799713e+03 9.9059151132106781e+03 9.9049316287040710e+03</reward>
<time>
  9.0763151645660400e+00 1.1085030317306519e+01 1.2058203697204590e+01
  1.4082908630371094e+01 1.7999340534210205e+01 2.0063931465148926e+01
  2.0073092460632324e+01 2.4083169460296631e+01 3.4079332590103149e+01
  3.6076739311218262e+01 4.5065469503402710e+01 4.5085094213485718e+01
  4.6071163177490234e+01 5.4059043884277344e+01 5.5070167541503906e+01
  7.1079593420028687e+01 9.4084886789321899e+01 9.5068371295928955e+01</time>
</opencv_storage>
