<?xml version="1.0"?>
<opencv_storage>
<task_selection_method>mcts_task_by_completion_reward_gradient</task_selection_method>
<reward>
  9.9980005047321320e+03 9.9980005047321320e+03 9.9979294433593750e+03
  9.9910008144378662e+03 9.9909702122211456e+03 9.9859815649986267e+03
  9.9840013029575348e+03 9.9829607543945312e+03 9.9820017087459564e+03
  9.9819912438392639e+03 9.9799916677474976e+03 9.9789698457717896e+03
  9.9780018312931061e+03 9.9770021448135376e+03 9.9740016081333160e+03
  9.9700008325576782e+03 9.9669614098072052e+03 9.9619917771816254e+03
  9.9579613072872162e+03 9.9489706797599792e+03 9.9469614830017090e+03
  9.9379920532703400e+03 9.9370007250308990e+03 9.9369504895210266e+03</reward>
<time>
  1.9994952678680420e+00 1.9994952678680420e+00 2.0705566406250000e+00
  8.9991855621337891e+00 9.0297877788543701e+00 1.4018435001373291e+01
  1.5998697042465210e+01 1.7039245605468750e+01 1.7998291254043579e+01
  1.8008756160736084e+01 2.0008332252502441e+01 2.1030154228210449e+01
  2.1998168706893921e+01 2.2997855186462402e+01 2.5998391866683960e+01
  2.9999167442321777e+01 3.3038590192794800e+01 3.8008222818374634e+01
  4.2038692712783813e+01 5.1029320240020752e+01 5.3038516998291016e+01
  6.2007946729660034e+01 6.2999274969100952e+01 6.3049510478973389e+01</time>
</opencv_storage>
