<?xml version="1.0"?>
<opencv_storage>
<task_selection_method>greedy_completion_reward</task_selection_method>
<reward>
  9.9960064804553986e+03 9.9950103518962860e+03 9.9930102741718292e+03
  9.9920097174644470e+03 9.9860065431594849e+03 9.9860057976245880e+03
  9.9820069339275360e+03 9.9820069339275360e+03 9.9800077557563782e+03
  9.9770065355300903e+03 9.9740094509124756e+03 9.9740094509124756e+03
  9.9670067119598389e+03 9.9600096285343170e+03 9.9590064382553101e+03
  9.9580103409290314e+03 9.9560062556266785e+03 9.9540089118480682e+03
  9.9530062212944031e+03 9.9490081343650818e+03 9.9480091001987457e+03
  9.9340091111660004e+03</reward>
<time>
  3.9935195446014404e+00 4.9896481037139893e+00 6.9897258281707764e+00
  7.9902825355529785e+00 1.3993456840515137e+01 1.3994202375411987e+01
  1.7993066072463989e+01 1.7993066072463989e+01 1.9992244243621826e+01
  2.2993464469909668e+01 2.5990549087524414e+01 2.5990549087524414e+01
  3.2993288040161133e+01 3.9990371465682983e+01 4.0993561744689941e+01
  4.1989659070968628e+01 4.3993744373321533e+01 4.5991088151931763e+01
  4.6993778705596924e+01 5.0991865634918213e+01 5.1990899801254272e+01
  6.5990888833999634e+01</time>
</opencv_storage>
