<?xml version="1.0"?>
<opencv_storage>
<task_selection_method>mcts_task_by_completion_reward_gradient</task_selection_method>
<param>34</param>
<num_agents>1</num_agents>
<num_nodes>100</num_nodes>
<reward>
  3.6626546791971163e+02 3.3016968380348715e+02 2.7482987286529976e+02
  3.2800350738373112e+02 3.3040695596101597e+02 3.2844218020202703e+02
  3.7910172613436026e+02 2.0248756389551596e+02 2.6711019019242451e+02
  2.6819447140589102e+02</reward>
<time>
  1.0057307720184326e+01 3.5998898744583130e+01 5.0779600143432617e+01
  5.7357086658477783e+01 6.3751359224319458e+01 7.9225776195526123e+01
  9.3094273090362549e+01 9.9997079372406006e+01 1.1366205549240112e+02
  1.1709292197227478e+02</time>
<cumulative_reward>3.0750116197634638e+03</cumulative_reward>
</opencv_storage>
