<?xml version="1.0"?>
<opencv_storage>
<task_selection_method>mcts_task_by_completion_reward_gradient</task_selection_method>
<reward>
  9.9809513583183289e+03 9.9679514522552490e+03 9.9549518389701843e+03
  9.9499523115158081e+03 9.9469513816833496e+03 9.9419518325328827e+03
  9.9259507730007172e+03 9.9079517595767975e+03</reward>
<time>
  1.9048641681671143e+01 3.2048547744750977e+01 4.5048161029815674e+01
  5.0047688484191895e+01 5.3048618316650391e+01 5.8048167467117310e+01
  7.4049226999282837e+01 9.2048240423202515e+01</time>
</opencv_storage>
