<?xml version="1.0"?>
<opencv_storage>
<task_selection_method>greedy_completion_reward</task_selection_method>
<param>34</param>
<num_agents>1</num_agents>
<num_nodes>200</num_nodes>
<reward>
  0. 0. 1.8741374111175537e+02 1.8461334753036499e+02
  1.8408339548110962e+02 1.8261529636383057e+02 1.8021452355384827e+02
  1.7380569314956665e+02 1.7221249127388000e+02 1.7008725333213806e+02
  1.5888562989234924e+02 1.5728542494773865e+02 1.5108381867408752e+02
  1.4981444978713989e+02 1.4548617053031921e+02 1.4481180858612061e+02
  1.3701467442512512e+02 1.3641276049613953e+02 1.3528424930572510e+02
  1.3380457806587219e+02 1.3008296799659729e+02 1.2781533122062683e+02
  1.2521487569808960e+02 1.2301231837272644e+02 1.2088485240936279e+02
  1.1641471743583679e+02 1.0528394412994385e+02 8.5806109428405762e+01
  8.3605000257492065e+01 8.0214107990264893e+01 0. 0.
  7.2085734367370605e+01 0. 0.</reward>
<time>
  2.5870134830474854e+00 6.9159481525421143e+00 1.2586258888244629e+01
  1.5386652469635010e+01 1.5916604518890381e+01 1.7384703636169434e+01
  1.9785476446151733e+01 2.6194306850433350e+01 2.7787508726119995e+01
  2.9912746667861938e+01 4.1114370107650757e+01 4.2714575052261353e+01
  4.8916181325912476e+01 5.0185550212860107e+01 5.4513829469680786e+01
  5.5188191413879395e+01 6.2985325574874878e+01 6.3587239503860474e+01
  6.4715750694274902e+01 6.6195421934127808e+01 6.9917032003402710e+01
  7.2184668779373169e+01 7.4785124301910400e+01 7.6987681627273560e+01
  7.9115147590637207e+01 8.3585282564163208e+01 9.4716055870056152e+01
  1.1419389057159424e+02 1.1639499974250793e+02 1.1978589200973511e+02
  1.2171397924423218e+02 1.2318718123435974e+02 1.2791426563262939e+02
  1.3298673987388611e+02 1.3698677253723145e+02</time>
<cumulative_reward>4.0553492658138275e+03</cumulative_reward>
</opencv_storage>
