<?xml version="1.0"?>
<opencv_storage>
<task_selection_method>mcts_task_by_completion_reward_gradient</task_selection_method>
<param>34</param>
<num_agents>1</num_agents>
<num_nodes>20</num_nodes>
<reward>
  1.9881133651733398e+02 1.9264493584632874e+02 1.8583695268630981e+02</reward>
<time>
  1.1886634826660156e+00 7.3550641536712646e+00 1.4163047313690186e+01</time>
<cumulative_reward>5.7729322504997253e+02</cumulative_reward>
</opencv_storage>
