<?xml version="1.0"?>
<opencv_storage>
<task_selection_method>mcts_task_by_completion_reward_gradient</task_selection_method>
<param>34</param>
<num_agents>1</num_agents>
<num_nodes>100</num_nodes>
<reward>
  1.9508887577056885e+02 1.8563731980323792e+02 1.8048921442031860e+02
  1.7463927984237671e+02 1.6962861537933350e+02 1.6143792104721069e+02
  1.5668908524513245e+02</reward>
<time>
  4.9111242294311523e+00 1.4362680196762085e+01 1.9510785579681396e+01
  2.5360720157623291e+01 3.0371384620666504e+01 3.8562078952789307e+01
  4.3310914754867554e+01</time>
<cumulative_reward>1.2236103115081787e+03</cumulative_reward>
</opencv_storage>
