<?xml version="1.0"?>
<opencv_storage>
<task_selection_method>greedy_completion_reward</task_selection_method>
<reward>
  9.9880035688877106e+03 9.9840002396106720e+03 9.9719997384548187e+03
  9.9610021588802338e+03</reward>
<time>
  1.1996431112289429e+01 1.5999760389328003e+01 2.8000261545181274e+01
  3.8997841119766235e+01</time>
</opencv_storage>
