<?xml version="1.0"?>
<opencv_storage>
<task_selection_method>greedy_completion_reward</task_selection_method>
<reward>
  9.9929964082241058e+03 9.9859976818561554e+03 9.9599965941905975e+03
  9.9569983963966370e+03 9.9480000958442688e+03 9.9439964754581451e+03
  9.9269959423542023e+03</reward>
<time>
  7.0035917758941650e+00 1.4002318143844604e+01 4.0003405809402466e+01
  4.3001603603363037e+01 5.1999904155731201e+01 5.6003524541854858e+01
  7.3004057645797729e+01</time>
</opencv_storage>
