<?xml version="1.0"?>
<opencv_storage>
<reward>
  9.9679159999999993e+03 9.9609159999999993e+03</reward>
<time>
  3.2084000000000003e+01 3.9084000000000003e+01</time>
</opencv_storage>
