<?xml version="1.0"?>
<opencv_storage>
<task_selection_method>greedy_completion_reward</task_selection_method>
<param>3</param>
<num_agents>3</num_agents>
<num_nodes>100</num_nodes>
<reward>
  1.8787171785064723e+02 1.8505294497312528e+02 2.9097534348009685e+02
  2.7758643086901219e+02 2.3697435322535614e+02 2.4980449435848925e+02
  2.8522533094734149e+02 2.5356276597574134e+02 2.2039198824312118e+02
  1.0835979786733762e+02 2.1204692144329357e+02 2.3905050856003561e+02
  1.9313733691149429e+02 0.</reward>
<time>
  5.1960158348083496e-01 4.7970490455627441e+00 1.2315583467483521e+01
  1.8319203853607178e+01 2.2516903162002563e+01 2.6320400238037109e+01
  4.0120027780532837e+01 4.1717153787612915e+01 4.6317999124526978e+01
  5.0995697975158691e+01 5.3717435598373413e+01 5.5916012763977051e+01
  5.6518550872802734e+01 6.0198605060577393e+01</time>
<cumulative_reward>2.9400399347050920e+03</cumulative_reward>
</opencv_storage>
