<?xml version="1.0"?>
<opencv_storage>
<task_selection_method>greedy_completion_reward</task_selection_method>
<param>3</param>
<num_agents>7</num_agents>
<num_nodes>100</num_nodes>
<reward>
  1.8868709417409340e+02 2.3697435322535614e+02 1.8787172525385969e+02
  1.8650425840336686e+02 2.0722006725918516e+02 2.8612314209272540e+02
  2.7513581852979536e+02 3.0938555691923767e+02 3.0866707881960406e+02
  2.0707091575814633e+02 1.8437760942997159e+02 1.9366745727408900e+02
  2.4014161557545930e+02 1.8505294497312528e+02 2.5356276597574134e+02
  2.7363729324206383e+02 1.9527830640512454e+02 2.8292706163761409e+02
  2.2447730651045671e+02 2.4601501650235991e+02 2.7730853671679188e+02
  2.1786291666569218e+02 2.4980449435848925e+02 2.2039198824312118e+02
  1.8854234422310824e+02 2.1230422966177790e+02 2.0790517465107763e+02
  1.2793819041424989e+02 1.9066821844952369e+02 1.8714150977488490e+02
  1.8991790049906771e+02 1.1162669227433072e+02 2.2121299724639030e+02
  1.5122222982736088e+02 1.5462758931767863e+02 1.9286945200906811e+02
  1.6070805877517128e+02 1.0835638913753127e+02 1.1189548602973910e+02
  1.8172452674937392e+02</reward>
<time>
  3.7734508514404297e-01 3.8752913475036621e-01 5.1326823234558105e-01
  3.9456171989440918e+00 6.5461831092834473e+00 8.3173403739929199e+00
  1.1116914749145508e+01 1.2113830804824829e+01 1.2313452959060669e+01
  1.2518335342407227e+01 1.3163378715515137e+01 1.3985876083374023e+01
  1.6546403646469116e+01 1.8175674200057983e+01 1.9386049509048462e+01
  2.0117140054702759e+01 2.1915170907974243e+01 2.2916688442230225e+01
  2.6714615821838379e+01 2.8964291810989380e+01 3.0175223588943481e+01
  3.2315972566604614e+01 3.4714845657348633e+01 3.9716159343719482e+01
  3.9964796066284180e+01 4.1715288400650024e+01 4.5385888099670410e+01
  4.5713482379913330e+01 4.7354187250137329e+01 4.7946024417877197e+01
  4.8716608047485352e+01 5.0316980361938477e+01 5.0714755773544312e+01
  5.1113590240478516e+01 5.2187510013580322e+01 5.2314017295837402e+01
  5.3514739274978638e+01 5.5315218448638916e+01 5.6177516937255859e+01
  5.8115365266799927e+01</time>
<cumulative_reward>8.3368063129858056e+03</cumulative_reward>
</opencv_storage>
