<?xml version="1.0"?>
<opencv_storage>
<task_selection_method>greedy_completion_reward</task_selection_method>
<reward>
  9.9980008535385132e+03 9.9969967906475067e+03 9.9969967906475067e+03
  9.9959969770908356e+03 9.9899968519210815e+03 9.9889964311122894e+03
  9.9869964308738708e+03 9.9859997236728668e+03 9.9809964232444763e+03
  9.9709968547821045e+03 9.9699999620914459e+03 9.9599989168643951e+03
  9.9569995665550232e+03 9.9509999785423279e+03 9.9499964907169342e+03
  9.9489998171329498e+03 9.9419996786117554e+03 9.9369964113235474e+03
  9.9329951477050781e+03 9.9319962298870087e+03 9.9259968616962433e+03</reward>
<time>
  1.9991464614868164e+00 3.0032093524932861e+00 3.0032093524932861e+00
  4.0030229091644287e+00 1.0003148078918457e+01 1.1003568887710571e+01
  1.3003569126129150e+01 1.4000276327133179e+01 1.9003576755523682e+01
  2.9003145217895508e+01 3.0000037908554077e+01 4.0001083135604858e+01
  4.3000433444976807e+01 4.9000021457672119e+01 5.0003509283065796e+01
  5.1000182867050171e+01 5.8000321388244629e+01 6.3003588676452637e+01
  6.7004852294921875e+01 6.8003770112991333e+01 7.4003138303756714e+01</time>
</opencv_storage>
