<?xml version="1.0"?>
<opencv_storage>
<task_selection_method>mcts_task_by_completion_reward_gradient</task_selection_method>
<reward>
  9.9979531095027924e+03 9.9870133824348450e+03 9.9869923298358917e+03
  9.9830133950710297e+03 9.9819729053974152e+03 9.9818141431808472e+03
  9.9809233093261719e+03 9.9779619104862213e+03 9.9779320464134216e+03
  9.9769722437858582e+03 9.9739630179405212e+03 9.9710100586414337e+03
  9.9638152184486389e+03 9.9599840717315674e+03 9.9549941489696503e+03
  9.9549341752529144e+03 9.9509327697753906e+03 9.9409634125232697e+03
  9.9360135135650635e+03 9.9250147652626038e+03 9.9229843831062317e+03</reward>
<time>
  2.0468904972076416e+00 1.2986617565155029e+01 1.3007670164108276e+01
  1.6986604928970337e+01 1.8027094602584839e+01 1.8185856819152832e+01
  1.9076690673828125e+01 2.2038089513778687e+01 2.2067953586578369e+01
  2.3027756214141846e+01 2.6036982059478760e+01 2.8989941358566284e+01
  3.6184781551361084e+01 4.0015928268432617e+01 4.5005851030349731e+01
  4.5065824747085571e+01 4.9067230224609375e+01 5.9036587476730347e+01
  6.3986486434936523e+01 7.4985234737396240e+01 7.7015616893768311e+01</time>
</opencv_storage>
