<?xml version="1.0"?>
<opencv_storage>
<task_selection_method>greedy_completion_reward</task_selection_method>
<reward>
  9.9980000100135803e+03 9.9980000100135803e+03 9.9980000100135803e+03
  9.9939998040199280e+03 9.9939998040199280e+03 9.9900000491142273e+03
  9.9900000491142273e+03 9.9870005197525024e+03 9.9860003452301025e+03
  9.9860003452301025e+03 9.9819999713897705e+03 9.9810001912117004e+03
  9.9760004270076752e+03 9.9750003366470337e+03 9.9690001242160797e+03
  9.9660034599304199e+03 9.9649999241828918e+03 9.9640004076957703e+03
  9.9530004618167877e+03 9.9480005674362183e+03 9.9419998548030853e+03</reward>
<time>
  1.9999899864196777e+00 1.9999899864196777e+00 1.9999899864196777e+00
  6.0001959800720215e+00 6.0001959800720215e+00 9.9999508857727051e+00
  9.9999508857727051e+00 1.2999480247497559e+01 1.3999654769897461e+01
  1.3999654769897461e+01 1.8000028610229492e+01 1.8999808788299561e+01
  2.3999572992324829e+01 2.4999663352966309e+01 3.0999875783920288e+01
  3.3996540069580078e+01 3.5000075817108154e+01 3.5999592304229736e+01
  4.6999538183212280e+01 5.1999432563781738e+01 5.8000145196914673e+01</time>
</opencv_storage>
