<?xml version="1.0"?>
<opencv_storage>
<task_selection_method>greedy_completion_reward</task_selection_method>
<param>2</param>
<num_agents>2</num_agents>
<num_nodes>100</num_nodes>
<reward>
  4.7957488562361516e+02 2.7517486819035366e+02 4.9437035800870615e+02
  4.6936630387236966e+02 4.7822778912158066e+02 4.2197586349998431e+02
  1.8305659291406360e+02 3.7147013732657462e+02</reward>
<time>
  1.3042207002639771e+01 1.3211400032043457e+01 1.5799555778503418e+01
  3.7801028251647949e+01 4.2212296485900879e+01 4.4409427404403687e+01
  5.0400897026062012e+01 5.9409595727920532e+01</time>
<cumulative_reward>3.1732167985572478e+03</cumulative_reward>
</opencv_storage>
