<?xml version="1.0"?>
<opencv_storage>
<task_selection_method>mcts_task_by_completion_reward_gradient</task_selection_method>
<reward>
  9.9980077748298645e+03 9.9979273507595062e+03 9.9979165318012238e+03
  9.9909256014823914e+03 9.9869215278625488e+03 9.9810056216716766e+03
  9.9789261412620544e+03 9.9779210526943207e+03 9.9730066339969635e+03
  9.9729262468814850e+03 9.9710079033374786e+03 9.9649166321754456e+03
  9.9589254257678986e+03 9.9579135539531708e+03 9.9569189617633820e+03
  9.9490058758258820e+03 9.9420064163208008e+03 9.9379269037246704e+03
  9.9249270863533020e+03 9.9099250855445862e+03 9.9019267187118530e+03</reward>
<time>
  1.9922251701354980e+00 2.0726492404937744e+00 2.0834681987762451e+00
  9.0743985176086426e+00 1.3078472137451172e+01 1.8994378328323364e+01
  2.1073858737945557e+01 2.2078947305679321e+01 2.6993366003036499e+01
  2.7073753118515015e+01 2.8992096662521362e+01 3.5083367824554443e+01
  4.1074574232101440e+01 4.2086446046829224e+01 4.3081038236618042e+01
  5.0994124174118042e+01 5.7993583679199219e+01 6.2073096275329590e+01
  7.5072913646697998e+01 9.0074914455413818e+01 9.8073281288146973e+01</time>
</opencv_storage>
