<?xml version="1.0"?>
<opencv_storage>
<task_selection_method>mcts_task_by_completion_reward_gradient</task_selection_method>
<reward>
  9.9999516658782959e+03 9.9919502294063568e+03 9.9809523725509644e+03
  9.9779503722190857e+03 9.9569503180980682e+03 9.9519523959159851e+03
  9.9439502949714661e+03 9.9309521214962006e+03 9.8959504086971283e+03
  9.8779502155780792e+03 9.8699522914886475e+03 9.8578377809524536e+03
  9.8329503083229065e+03</reward>
<time>
  4.8334121704101562e-02 8.0497705936431885e+00 1.9047627449035645e+01
  2.2049627780914307e+01 4.3049681901931763e+01 4.8047604084014893e+01
  5.6049705028533936e+01 6.9047878503799438e+01 1.0404959130287170e+02
  1.2204978442192078e+02 1.3004770851135254e+02 1.4216221904754639e+02
  1.6704969167709351e+02</time>
</opencv_storage>
