<?xml version="1.0"?>
<opencv_storage>
<task_selection_method>mcts_task_by_completion_reward_gradient</task_selection_method>
<reward>
  9.9929868896007538e+03 9.9908370962142944e+03 9.9879753367900848e+03
  9.9849842441082001e+03 9.9848327775001526e+03 9.9829729461669922e+03
  9.9818343729972839e+03 9.9809767315387726e+03 9.9780369787216187e+03
  9.9729718794822693e+03 9.9700354154109955e+03 9.9658351728916168e+03
  9.9649753000736237e+03 9.9619838995933533e+03 9.9589759762287140e+03
  9.9519770069122314e+03 9.9308362181186676e+03 9.9239857411384583e+03
  9.9179754889011383e+03 9.9049738852977753e+03 9.8819818673133850e+03
  9.8559861693382263e+03</reward>
<time>
  7.0131103992462158e+00 9.1629037857055664e+00 1.2024663209915161e+01
  1.5015755891799927e+01 1.5167222499847412e+01 1.7027053833007812e+01
  1.8165627002716064e+01 1.9023268461227417e+01 2.1963021278381348e+01
  2.7028120517730713e+01 2.9964584589004517e+01 3.4164827108383179e+01
  3.5024699926376343e+01 3.8016100406646729e+01 4.1024023771286011e+01
  4.8022993087768555e+01 6.9163781881332397e+01 7.6014258861541748e+01
  8.2024511098861694e+01 9.5026114702224731e+01 1.1801813268661499e+02
  1.4401383066177368e+02</time>
</opencv_storage>
