<?xml version="1.0"?>
<opencv_storage>
<task_selection_method>greedy_completion_reward</task_selection_method>
<reward>
  9.9931699631214142e+03 9.9882750213146210e+03 9.9852740783691406e+03
  9.9851656446456909e+03 9.9801650285720825e+03 9.9721637604236603e+03
  9.9562729737758636e+03 9.9382766015529633e+03</reward>
<time>
  6.8300368785858154e+00 1.1724978685379028e+01 1.4725921630859375e+01
  1.4834355354309082e+01 1.9834971427917480e+01 2.7836239576339722e+01
  4.3727026224136353e+01 6.1723398447036743e+01</time>
</opencv_storage>
