<?xml version="1.0"?>
<opencv_storage>
<task_selection_method>greedy_completion_reward</task_selection_method>
<param>34</param>
<num_agents>1</num_agents>
<num_nodes>100</num_nodes>
<reward>
<<<<<<< HEAD
  2.1124740777891367e+02 4.6719744143949686e+02 4.5799440418638090e+02
  4.4569555131917167e+02</reward>
<time>
  1.1221303462982178e+01 1.8201122522354126e+01 5.3006345510482788e+01
  6.9796009063720703e+01</time>
<cumulative_reward>1.5821348047239633e+03</cumulative_reward>
=======
  1.8421832156181335e+02 1.7661673402786255e+02 1.7181566882133484e+02
  1.6470100808143616e+02 1.5389537739753723e+02 1.2649503898620605e+02</reward>
<time>
  1.5781678438186646e+01 2.3383265972137451e+01 2.8184331178665161e+01
  3.5298991918563843e+01 4.6104622602462769e+01 7.3504961013793945e+01</time>
<cumulative_reward>9.7774214887619019e+02</cumulative_reward>
>>>>>>> 7c23aba626551f50a4a7ecdd2cbe4793a3332b09
</opencv_storage>
