<?xml version="1.0"?>
<opencv_storage>
<task_selection_method>greedy_completion_reward</task_selection_method>
<reward>
  9.9916095790863037e+03 9.9730573527812958e+03</reward>
<time>2.6942647218704224e+01</time>
</opencv_storage>
