<?xml version="1.0"?>
<opencv_storage>
<task_selection_method>greedy_completion_reward</task_selection_method>
<reward>
  9.9970032188892365e+03 9.9970032188892365e+03 9.9915522212982178e+03
  9.9844495134353638e+03 9.9799522800445557e+03 9.9719501242637634e+03
  9.9535519099235535e+03 9.9478520290851593e+03 9.9406524152755737e+03
  9.9343490760326385e+03</reward>
<time>6.5650923967361450e+01</time>
</opencv_storage>
