<?xml version="1.0"?>
<opencv_storage>
<task_selection_method>greedy_completion_reward</task_selection_method>
<param>34</param>
<num_agents>1</num_agents>
<num_nodes>100</num_nodes>
<reward>
<<<<<<< HEAD
  1.9628300261497498e+02</reward>
<time>
  3.7169973850250244e+00</time>
<cumulative_reward>1.9628300261497498e+02</cumulative_reward>
=======
  4.3066776780055091e+02 4.1228043752257128e+02 3.9095405609192602e+02</reward>
<time>
  3.8319992065429688e+01 2.7592086601257324e+02 2.9791641902923584e+02</time>
<cumulative_reward>1.2339022614150483e+03</cumulative_reward>
>>>>>>> 59b5b6e895edccfa7e0da3a2e6ef917abad0120a
</opencv_storage>
