<?xml version="1.0"?>
<opencv_storage>
<task_selection_method>mcts_task_by_completion_reward_gradient</task_selection_method>
<reward>
  9.9980005831718445e+03 9.9979703998565674e+03 9.9979399023056030e+03
  9.9910007905960083e+03 9.9899788901805878e+03 9.9889987421035767e+03
  9.9879184815883636e+03 9.9839187953472137e+03 9.9810010869503021e+03
  9.9739996516704559e+03 9.9699797222614288e+03 9.9689990580081940e+03
  9.9649700024127960e+03 9.9619486460685730e+03 9.9579889039993286e+03
  9.9399987535476685e+03 9.9320011048316956e+03 9.9250001978874207e+03</reward>
<time>
  1.9994168281555176e+00 2.0296001434326172e+00 2.0600976943969727e+00
  8.9992094039916992e+00 1.0021109819412231e+01 1.1001257896423340e+01
  1.2081518411636353e+01 1.6081204652786255e+01 1.8998913049697876e+01
  2.6000348329544067e+01 3.0020277738571167e+01 3.1000941991806030e+01
  3.5029997587203979e+01 3.8051353931427002e+01 4.2011096000671387e+01
  6.0001246452331543e+01 6.7998895168304443e+01 7.4999802112579346e+01</time>
</opencv_storage>
