<?xml version="1.0"?>
<opencv_storage>
<task_selection_method>mcts_task_by_completion_reward_gradient</task_selection_method>
<param>4</param>
<num_agents>2</num_agents>
<num_nodes>100</num_nodes>
<reward>
  1.9272712755203247e+02 1.9035609054565430e+02 1.8737644243240356e+02
  1.8534815096855164e+02 1.8312489795684814e+02 1.7973735356330872e+02
  1.7960787677764893e+02 1.7515646362304688e+02 1.7120732259750366e+02</reward>
<time>
  7.2728724479675293e+00 9.6439094543457031e+00 1.2623557567596436e+01
  1.4651849031448364e+01 1.6875102043151855e+01 2.0262646436691284e+01
  2.0392123222351074e+01 2.4843536376953125e+01 2.8792677402496338e+01</time>
<cumulative_reward>1.6446417260169983e+03</cumulative_reward>
</opencv_storage>
