<?xml version="1.0"?>
<opencv_storage>
<task_selection_method>greedy_completion_reward</task_selection_method>
<param>3</param>
<num_agents>5</num_agents>
<num_nodes>100</num_nodes>
<reward>
  1.8868718133018001e+02 1.8787185988402121e+02 2.7518415481938803e+02
  1.2809420573424364e+02 2.9635181566695712e+02 3.0866707881960406e+02
  2.8969598273453380e+02 2.1289162639801276e+02 2.7355172040474929e+02
  2.5910866370397508e+02 1.8505294497312528e+02 2.4980449435848925e+02
  2.7335385430272629e+02 1.6092889426335122e+02 2.3965462349191685e+02
  2.5356276597574134e+02 2.3697435322535614e+02 2.0652019905674484e+02
  2.2039198824312118e+02 2.3248802065917192e+02 1.9288638369546049e+02
  1.8650425840336686e+02 2.2121299724639030e+02 1.0583718295610467e+02</reward>
<time>
  3.3785891532897949e-01 3.9809393882751465e-01 8.7454340457916260e+00
  9.3155052661895752e+00 1.0114598751068115e+01 1.2316641092300415e+01
  1.4199120044708252e+01 1.4316155433654785e+01 1.8516116857528687e+01
  2.3717165231704712e+01 2.4316168069839478e+01 2.8916976451873779e+01
  3.0337207078933716e+01 3.1915282726287842e+01 3.4118179559707642e+01
  3.4315494060516357e+01 3.6115025281906128e+01 3.8314640522003174e+01
  4.2115505218505859e+01 4.5587895154953003e+01 4.5745297431945801e+01
  4.7317698717117310e+01 5.4315941810607910e+01 5.5148287296295166e+01</time>
<cumulative_reward>5.3852772503467313e+03</cumulative_reward>
</opencv_storage>
