<?xml version="1.0"?>
<opencv_storage>
<task_selection_method>greedy_completion_reward</task_selection_method>
<reward>
  9.9980072185993195e+03 9.9971297771930695e+03 9.9869291772842407e+03
  9.9854793534278870e+03 9.9831297609806061e+03 9.9729793138504028e+03
  9.9654292747974396e+03 9.9465292541980743e+03 9.9420047020912170e+03
  9.9191794245243073e+03 9.8817296566963196e+03</reward>
<time>1.1827034330368042e+02</time>
</opencv_storage>
