<?xml version="1.0"?>
<opencv_storage>
<task_selection_method>mcts_task_by_completion_reward</task_selection_method>
<reward>
  9.9989408915042877e+03 9.9949407329559326e+03 9.9859407992362976e+03
  9.9709408755302429e+03 9.9669407622814178e+03 9.9569408097267151e+03
  9.9559407367706299e+03</reward>
<time>
  1.0591084957122803e+00 5.0592670440673828e+00 1.4059200763702393e+01
  2.9059124469757080e+01 3.3059237718582153e+01 4.3059190273284912e+01
  4.4059263229370117e+01</time>
</opencv_storage>
