<?xml version="1.0"?>
<opencv_storage>
<task_selection_method>greedy_completion_reward</task_selection_method>
<reward>
  9.9999843819141388e+03 9.9939837601184845e+03 9.9929845788478851e+03
  9.9859846336841583e+03 9.9839845709800720e+03 9.9799843866825104e+03
  9.9789838528633118e+03 9.9739849243164062e+03 9.9699842681884766e+03
  9.9619841878414154e+03 9.9599844150543213e+03 9.9359845008850098e+03
  9.9299847621917725e+03 9.9279842143058777e+03 9.9229844706058502e+03
  9.9209843649864197e+03 9.9059844093322754e+03 9.8929843373298645e+03
  9.8809847629070282e+03 9.8639844589233398e+03 9.8619842386245728e+03
  9.8529843945503235e+03 9.8469846196174622e+03 9.8419843118190765e+03</reward>
<time>
  1.5618085861206055e-02 6.0162398815155029e+00 7.0154211521148682e+00
  1.4015366315841675e+01 1.6015429019927979e+01 2.0015613317489624e+01
  2.1016147136688232e+01 2.6015075683593750e+01 3.0015731811523438e+01
  3.8015812158584595e+01 4.0015584945678711e+01 6.4015499114990234e+01
  7.0015237808227539e+01 7.2015785694122314e+01 7.7015529394149780e+01
  7.9015635013580322e+01 9.4015590667724609e+01 1.0701566267013550e+02
  1.1901523709297180e+02 1.3601554107666016e+02 1.3801576137542725e+02
  1.4701560544967651e+02 1.5301538038253784e+02 1.5801568818092346e+02</time>
</opencv_storage>
