<?xml version="1.0"?>
<opencv_storage>
<task_selection_method>mcts_task_by_completion_reward_gradient</task_selection_method>
<reward>
  9.9891632945537567e+03 9.9811327424049377e+03 9.9791631839275360e+03
  9.9731324307918549e+03 9.9601634469032288e+03 9.9521329593658447e+03
  9.9471634526252747e+03</reward>
<time>
  1.0836705446243286e+01 1.8867257595062256e+01 2.0836816072463989e+01
  2.6867569208145142e+01 3.9836553096771240e+01 4.7867040634155273e+01
  5.2836547374725342e+01</time>
</opencv_storage>
