<?xml version="1.0"?>
<opencv_storage>
<reward>
  9.9361100000000006e+03 9.9281080000000002e+03 9.9251100000000006e+03
  9.8971100000000006e+03 9.8881090000000004e+03 9.8391029999999992e+03
  9.8221100000000006e+03 9.8061100000000006e+03 9.7721100000000006e+03
  9.7611090000000004e+03 9.7151110000000008e+03 9.6701100000000006e+03
  9.6591090000000004e+03</reward>
<time>
  6.3890000000000001e+01 7.1891999999999996e+01 7.4890000000000001e+01
  1.0289000000000000e+02 1.1189100000000001e+02 1.6089699999999999e+02
  1.7788999999999999e+02 1.9388999999999999e+02 2.2788999999999999e+02
  2.3889099999999999e+02 2.8488900000000001e+02 3.2988999999999999e+02
  3.4089100000000002e+02</time>
</opencv_storage>
