<?xml version="1.0"?>
<opencv_storage>
<task_selection_method>greedy_completion_reward</task_selection_method>
<reward>
  9.9980030326843262e+03 9.9980030326843262e+03 9.9969991652965546e+03
  9.9969991652965546e+03 9.9960030369758606e+03 9.9900013487339020e+03
  9.9890024435520172e+03 9.9870042285919189e+03 9.9859978671073914e+03
  9.9859978671073914e+03 9.9810034108161926e+03 9.9800038394927979e+03
  9.9750025656223297e+03 9.9709990768432617e+03 9.9700011060237885e+03
  9.9670038287639618e+03 9.9610014479160309e+03 9.9600019955635071e+03
  9.9500026068687439e+03 9.9490007565021515e+03 9.9420025942325592e+03</reward>
<time>
  1.9969673156738281e+00 1.9969673156738281e+00 3.0008347034454346e+00
  3.0008347034454346e+00 3.9969630241394043e+00 9.9986512660980225e+00
  1.0997556447982788e+01 1.2995771408081055e+01 1.4002132892608643e+01
  1.4002132892608643e+01 1.8996589183807373e+01 1.9996160507202148e+01
  2.4997434377670288e+01 2.9000923156738281e+01 2.9998893976211548e+01
  3.2996171236038208e+01 3.8998552083969116e+01 3.9998004436492920e+01
  4.9997393131256104e+01 5.0999243497848511e+01 5.7997405767440796e+01</time>
</opencv_storage>
