<?xml version="1.0"?>
<opencv_storage>
<task_selection_method>greedy_completion_reward</task_selection_method>
<param>1</param>
<num_agents>7</num_agents>
<num_nodes>100</num_nodes>
<reward>
  2.2963000724888744e+02 3.7592749203331670e+02 1.6598855973320644e+02
  3.9527343728998420e+02 2.8886636786697551e+02 2.5197278574832660e+02
  3.6551900469372077e+02 3.7936445370437337e+02 4.7624686942066955e+02
  1.8562818619715557e+02 3.6234637097317204e+02 3.7887064222839166e+02
  3.7003633300676040e+02 4.2758125854006857e+02 4.8142661689372864e+02
  4.0971716857874856e+02 3.9908699572285525e+02 2.1669947291324374e+02
  2.0613749997009285e+02 3.8294658500641196e+02 3.5113984804820336e+02
  2.7279641551340194e+02 1.8991063279205528e+02 3.8125972223472178e+02
  2.4950076255995907e+02 3.7362168664911616e+02 3.8506030247153683e+02
  3.6596838369817135e+02 3.8133695074790819e+02 3.6748151857702589e+02
  2.1168784510221369e+02 3.8007882523146594e+02 3.6270564952690614e+02
  3.5750573078588513e+02 1.9150605205890756e+02 3.5497662574558711e+02
  2.2161260721766899e+02 2.0930415875259189e+02</reward>
<time>
  2.2348475456237793e-01 2.5321388244628906e-01 2.5321388244628906e-01
  4.0031814575195312e-01 4.0031814575195312e-01 4.2003746032714844e+00
  4.4000244140625000e+00 4.8196680545806885e+00 7.8000771999359131e+00
  7.8205828666687012e+00 8.4003944396972656e+00 9.9996092319488525e+00
  1.4048444032669067e+01 1.4600087404251099e+01 1.5600759029388428e+01
  2.1200680255889893e+01 2.3052469730377197e+01 2.5849786043167114e+01
  2.7053858041763306e+01 2.9400170564651489e+01 3.0819432258605957e+01
  3.2798715353012085e+01 3.3402721166610718e+01 3.4220339775085449e+01
  3.5999270439147949e+01 3.6203722953796387e+01 3.7801066875457764e+01
  3.8000475168228149e+01 4.0851009845733643e+01 4.6849416732788086e+01
  5.1002557516098022e+01 5.1002557516098022e+01 5.1800318241119385e+01
  5.3600412368774414e+01 5.4402347087860107e+01 5.6050874948501587e+01
  5.7599857807159424e+01 5.9602457523345947e+01</time>
<cumulative_reward>1.2356719825483411e+04</cumulative_reward>
</opencv_storage>
