<?xml version="1.0"?>
<opencv_storage>
<task_selection_method>mcts_task_by_completion_reward_gradient</task_selection_method>
<param>15</param>
<num_agents>5</num_agents>
<num_nodes>100</num_nodes>
<reward>
  2.6744834486704281e+02 4.3961825012919985e+02 3.4782390968257653e+02
  4.3903133603902791e+02 4.3919299518922259e+02 4.4411244157277133e+02
  4.4325244479839466e+02 4.4364984004165387e+02 4.3762005160281325e+02
  3.6467271191913773e+02 4.3819323494427942e+02 4.4405724038049686e+02
  3.4072095971959885e+02 3.1793066917388421e+02 4.0299770202212926e+02
  4.3580294437944264e+02 4.4235585710972879e+02 4.4030769199361123e+02
  4.3622808140806785e+02 3.5118737767880674e+02 3.9340435137126906e+02
  2.9159997398594601e+02 4.4091500816695242e+02 3.7055799605054494e+02
  3.8586295270542121e+02 4.4196904567799174e+02 3.0397638348840007e+02
  2.5454622327367227e+02 3.0778256992379312e+02 4.4265896210176749e+02
  4.3883541107515180e+02 4.4174096938118282e+02 4.3770266027868524e+02
  3.0821158611253605e+02 2.6956178800465000e+02</reward>
<time>
  5.1473450660705566e-01 5.1473450660705566e-01 5.2503848075866699e-01
  5.3520774841308594e-01 2.9935255050659180e+00 3.5541760921478271e+00
  1.8313943386077881e+01 1.9584513902664185e+01 2.4533906936645508e+01
  2.5913264513015747e+01 2.9574501991271973e+01 3.2715467691421509e+01
  3.3312949895858765e+01 3.4533164501190186e+01 3.5593374490737915e+01
  3.7194468975067139e+01 3.7314617156982422e+01 4.0113588571548462e+01
  4.2122833728790283e+01 4.2712973833084106e+01 4.5513273239135742e+01
  4.5913941144943237e+01 4.7313309192657471e+01 4.7713533401489258e+01
  4.9113207578659058e+01 4.9513187408447266e+01 4.9912372112274170e+01
  5.0713995695114136e+01 5.0754522085189819e+01 5.2916798353195190e+01
  5.3711752176284790e+01 5.3912817239761353e+01 5.5513872861862183e+01
  5.8513373136520386e+01 5.9113427162170410e+01</time>
<cumulative_reward>1.3645529966249851e+04</cumulative_reward>
</opencv_storage>
