<?xml version="1.0"?>
<opencv_storage>
<task_selection_method>mcts_task_by_completion_reward_gradient</task_selection_method>
<reward>
  9.9979617888927460e+03 9.9889516952037811e+03 9.9809610435962677e+03
  9.9809212589263916e+03 9.9769511048793793e+03 9.9769215331077576e+03
  9.9689209477901459e+03 9.9639609880447388e+03 9.9589609177112579e+03
  9.9589507672786713e+03 9.9509605989456177e+03 9.9449224476814270e+03
  9.9429607944488525e+03 9.9349616544246674e+03 9.9340026745796204e+03
  9.9279511260986328e+03</reward>
<time>
  2.0382111072540283e+00 1.1048304796218872e+01 1.9038956403732300e+01
  1.9078741073608398e+01 2.3048895120620728e+01 2.3078466892242432e+01
  3.1079052209854126e+01 3.6039011955261230e+01 4.1039082288742065e+01
  4.1049232721328735e+01 4.9039401054382324e+01 5.5077552318572998e+01
  5.7039205551147461e+01 6.5038345575332642e+01 6.5997325420379639e+01
  7.2048873901367188e+01</time>
</opencv_storage>
