<?xml version="1.0"?>
<opencv_storage>
<task_selection_method>greedy_completion_reward</task_selection_method>
<param>8</param>
<num_agents>5</num_agents>
<num_nodes>100</num_nodes>
<reward>
  4.2554140326963108e+02 4.1099525308672310e+02 4.2452839909672554e+02
  4.2062127058690572e+02 4.1074978357409066e+02 3.7780914155602829e+02
  3.7677493953375529e+02 3.9319147032778147e+02 3.6559166982731603e+02
  3.5980316013927688e+02 3.0667243244053856e+02 3.4082484553215295e+02
  3.6449966354514248e+02 3.4360996720174523e+02 3.4719812385863577e+02
  2.8346693046922724e+02 2.1016411654772585e+02 3.0392107844084813e+02
  2.0256530053139144e+02 3.2901255033508784e+02 2.4641912906331652e+02
  2.9001083661731383e+02 3.1652429192951325e+02 1.9441322261688276e+02
  2.6706810914448516e+02</reward>
<time>
  3.5065340995788574e+00 4.9870827198028564e+00 1.1938886404037476e+01
  1.4117306232452393e+01 1.5746966123580933e+01 2.0706639289855957e+01
  2.1909346580505371e+01 2.3107037305831909e+01 2.7587099313735962e+01
  3.1737822771072388e+01 3.5107212781906128e+01 3.5706948995590210e+01
  3.6706778287887573e+01 3.8938392877578735e+01 4.1938163518905640e+01
  4.8307043552398682e+01 5.0916464805603027e+01 5.3708395481109619e+01
  5.4106487035751343e+01 5.5507070302963257e+01 5.7347284793853760e+01
  5.7506305456161499e+01 5.7516766786575317e+01 5.8187048435211182e+01
  5.9906781196594238e+01</time>
<cumulative_reward>8.3119770892722408e+03</cumulative_reward>
</opencv_storage>
