<?xml version="1.0"?>
<opencv_storage>
<task_selection_method>greedy_completion_reward</task_selection_method>
<reward>
  9.9980005435943604e+03 9.9910007221698761e+03 9.9830008671283722e+03
  9.9690013399124146e+03 9.9629990441799164e+03 9.9550029358863831e+03
  9.9290026719570160e+03 9.8960029778480530e+03 9.8829995880126953e+03
  9.8640013389587402e+03</reward>
<time>
  1.9994564056396484e+00 8.9992778301239014e+00 1.6999132871627808e+01
  3.0998660087585449e+01 3.7000955820083618e+01 4.4997064113616943e+01
  7.0997328042984009e+01 1.0399702215194702e+02 1.1700041198730469e+02
  1.3599866104125977e+02</time>
</opencv_storage>
