<?xml version="1.0"?>
<opencv_storage>
<task_selection_method>greedy_completion_reward</task_selection_method>
<reward>
  9.9980309748649597e+03 9.9980103318691254e+03 9.9930083370208740e+03
  9.9920294458866119e+03 9.9860306279659271e+03 9.9830308725833893e+03
  9.9780098865032196e+03 9.9760298657417297e+03 9.9730305655002594e+03
  9.9700103254318237e+03 9.9670306971073151e+03 9.9630308473110199e+03
  9.9570307397842407e+03 9.9550309329032898e+03 9.9310305316448212e+03
  9.9230310609340668e+03 9.8990307424068451e+03</reward>
<time>
  1.9690251350402832e+00 1.9896681308746338e+00 6.9916629791259766e+00
  7.9705541133880615e+00 1.3969372034072876e+01 1.6969127416610718e+01
  2.1990113496780396e+01 2.3970134258270264e+01 2.6969434499740601e+01
  2.9989674568176270e+01 3.2969302892684937e+01 3.6969152688980103e+01
  4.2969260215759277e+01 4.4969067096710205e+01 6.8969468355178833e+01
  7.6968939065933228e+01 1.0096925759315491e+02</time>
</opencv_storage>
