<?xml version="1.0"?>
<opencv_storage>
<task_selection_method>mcts_task_by_completion_reward_gradient</task_selection_method>
<param>3</param>
<num_agents>2</num_agents>
<num_nodes>100</num_nodes>
<reward>
  1.9440227150917053e+02 1.8760227227210999e+02 1.8471985793113708e+02
  1.8072026467323303e+02 1.7659106755256653e+02 1.7018233633041382e+02
  1.6956040358543396e+02 1.6598287606239319e+02 1.6460105180740356e+02
  1.5897269201278687e+02 1.5840141224861145e+02 1.5540193843841553e+02
  1.5378071141242981e+02 1.5080453395843506e+02 1.4760279822349548e+02
  1.4754250693321228e+02 1.4320127272605896e+02 1.4114035248756409e+02
  1.3220147132873535e+02 1.2754147028923035e+02 1.2618234944343567e+02
  1.2114208817481995e+02 1.0980100679397583e+02 1.0798102092742920e+02
  1.0520175075531006e+02 1.0440093851089478e+02 7.1761156320571899e+01
  6.9141279697418213e+01</reward>
<time>
  5.5977284908294678e+00 1.2397727727890015e+01 1.5280142068862915e+01
  1.9279735326766968e+01 2.3408932447433472e+01 2.9817663669586182e+01
  3.0439596414566040e+01 3.4017123937606812e+01 3.5398948192596436e+01
  4.1027307987213135e+01 4.1598587751388550e+01 4.4598061561584473e+01
  4.6219288587570190e+01 4.9195466041564941e+01 5.2397201776504517e+01
  5.2457493066787720e+01 5.6798727273941040e+01 5.8859647512435913e+01
  6.7798528671264648e+01 7.2458529710769653e+01 7.3817650556564331e+01
  7.8857911825180054e+01 9.0198993206024170e+01 9.2018979072570801e+01
  9.4798249244689941e+01 9.5599061489105225e+01 1.2823884367942810e+02
  1.3085872030258179e+02</time>
<cumulative_reward>4.0265651524066925e+03</cumulative_reward>
</opencv_storage>
