<?xml version="1.0"?>
<opencv_storage>
<task_selection_method>greedy_completion_reward</task_selection_method>
<reward>
  9.9920290536880493e+03 9.9804096963405609e+03 9.9670322828292847e+03
  9.9534097168445587e+03 9.9350288324356079e+03 9.9236096761226654e+03
  9.9060096461772919e+03</reward>
<time>9.3990353822708130e+01</time>
</opencv_storage>
