<?xml version="1.0"?>
<opencv_storage>
<task_selection_method>greedy_completion_reward</task_selection_method>
<reward>
  9.9987401096820831e+03 9.9828907487392426e+03 9.9724821565151215e+03
  9.9721672894954681e+03 9.9568018827438354e+03 9.9320377178192139e+03
  9.9296571910381317e+03 9.9139743330478668e+03 9.8801699364185333e+03</reward>
<time>1.1983006358146667e+02</time>
</opencv_storage>
