<?xml version="1.0"?>
<opencv_storage>
<task_selection_method>mcts_task_by_completion_reward_gradient</task_selection_method>
<param>12</param>
<num_agents>5</num_agents>
<num_nodes>100</num_nodes>
<reward>
  4.5770361874461145e+02 4.5543817486284013e+02 4.3799318758925568e+02
  4.2573534721584485e+02 4.4755908716940297e+02 4.2196455719311172e+02
  4.3636330529828314e+02 1.9486830513567853e+02 4.3421684337508555e+02
  4.4633810740255069e+02 1.7831973135785961e+02 4.1303578695753788e+02
  1.8371824193610124e+02 4.2415486151854253e+02 4.4572544084338762e+02
  4.1619591894548392e+02 1.7718722707129618e+02 4.1410090310075191e+02
  1.6338167707744907e+02 1.6933809975607880e+02 1.5270529214727921e+02
  4.2754761179988793e+02 2.1829076578934922e+02 1.6637608837924324e+02
  4.3129018529546568e+02 4.3316111050702665e+02 1.6949805295756880e+02
  1.5764100269309114e+02 4.2800833395518407e+02 1.6093568573580464e+02
  4.2662917204566804e+02 2.2122425446442116e+02 1.6625632858402543e+02
  2.0372402821042294e+02 1.6237939377599631e+02 4.4701728522543465e+02
  2.0181707960218122e+02 4.3710047188602442e+02 1.8835552021240915e+02
  2.1994277478055989e+02</reward>
<time>
  2.1038634777069092e+00 8.1040239334106445e+00 1.8994868278503418e+01
  2.0302770376205444e+01 2.0559646844863892e+01 2.1103121995925903e+01
  2.1903990268707275e+01 2.5144570589065552e+01 2.6114062786102295e+01
  2.7303921222686768e+01 2.9744321107864380e+01 2.9763632297515869e+01
  3.0305580139160156e+01 3.1302764654159546e+01 3.3353086471557617e+01
  3.4944509267807007e+01 3.6504101514816284e+01 3.6943676471710205e+01
  3.8503299236297607e+01 3.9703400135040283e+01 4.2782137155532837e+01
  4.3103533029556274e+01 4.3174453258514404e+01 4.3194379568099976e+01
  4.4193581819534302e+01 4.4724532604217529e+01 4.5594771385192871e+01
  4.5704068899154663e+01 4.6502919912338257e+01 4.7182290792465210e+01
  4.7512123823165894e+01 4.8322575807571411e+01 4.8723174571990967e+01
  4.8903041839599609e+01 4.8903664827346802e+01 4.8913832664489746e+01
  5.0302227973937988e+01 5.0547160625457764e+01 5.4302638769149780e+01
  5.5102983474731445e+01</time>
<cumulative_reward>1.2563238860598201e+04</cumulative_reward>
</opencv_storage>
