<?xml version="1.0"?>
<opencv_storage>
<task_selection_method>mcts_task_by_completion_reward_gradient</task_selection_method>
<param>1</param>
<num_agents>3</num_agents>
<num_nodes>100</num_nodes>
<reward>
  1.9969616889953613e+02 1.9768506145477295e+02 1.9609508490562439e+02
  1.9409530043601990e+02 1.9369535875320435e+02 1.9149549913406372e+02
  1.9069536328315735e+02 1.8669507074356079e+02 1.8429536747932434e+02
  1.8289536499977112e+02 1.7869529223442078e+02 1.7841363000869751e+02
  1.7729650783538818e+02 1.7189518046379089e+02 1.6781509757041931e+02
  1.6561589169502258e+02 1.6189433360099792e+02 1.6069561743736267e+02
  1.5168642759323120e+02 1.4829653358459473e+02</reward>
<time>
  3.0383110046386719e-01 2.3149385452270508e+00 3.9049150943756104e+00
  5.9046995639801025e+00 6.3046412467956543e+00 8.5045008659362793e+00
  9.3046367168426514e+00 1.3304929256439209e+01 1.5704632520675659e+01
  1.7104635000228882e+01 2.1304707765579224e+01 2.1586369991302490e+01
  2.2703492164611816e+01 2.8104819536209106e+01 3.2184902429580688e+01
  3.4384108304977417e+01 3.8105666399002075e+01 3.9304382562637329e+01
  4.8313572406768799e+01 5.1703466415405273e+01</time>
<cumulative_reward>3.5796481521129608e+03</cumulative_reward>
</opencv_storage>
