<?xml version="1.0"?>
<opencv_storage>
<task_selection_method>mcts_task_by_completion_reward_gradient</task_selection_method>
<param>10</param>
<num_agents>2</num_agents>
<num_nodes>100</num_nodes>
<reward>
  1.9980239224433899e+02 1.9980239224433899e+02 1.9520218920707703e+02
  1.9260188651084900e+02 1.9240087461471558e+02 1.8920065236091614e+02
  1.8260244846343994e+02 1.8036096739768982e+02 1.7236112952232361e+02
  1.7120113348960876e+02 1.6700186777114868e+02 1.6560126423835754e+02
  1.6256289219856262e+02 1.5680224585533142e+02 1.5436216616630554e+02
  1.5240487718582153e+02 1.5156094670295715e+02 1.4260273313522339e+02
  1.3860271215438843e+02 1.3440401029586792e+02 1.3236168885231018e+02
  1.2920276713371277e+02 1.2476075792312622e+02 1.1836227440834045e+02
  1.1736034202575684e+02 7.3762253046035767e+01 6.6962337017059326e+01
  6.3601801633834839e+01 5.6562306165695190e+01 4.8963488101959229e+01</reward>
<time>
  1.9760775566101074e-01 1.9760775566101074e-01 4.7978107929229736e+00
  7.3981134891510010e+00 7.5991253852844238e+00 1.0799347639083862e+01
  1.7397551536560059e+01 1.9639032602310181e+01 2.7638870477676392e+01
  2.8798866510391235e+01 3.2998132228851318e+01 3.4398735761642456e+01
  3.7437107801437378e+01 4.3197754144668579e+01 4.5637833833694458e+01
  4.7595122814178467e+01 4.8439053297042847e+01 5.7397266864776611e+01
  6.1397287845611572e+01 6.5595989704132080e+01 6.7638311147689819e+01
  7.0797232866287231e+01 7.5239242076873779e+01 8.1637725591659546e+01
  8.2639657974243164e+01 1.2623774695396423e+02 1.3303766298294067e+02
  1.3639819836616516e+02 1.4343769383430481e+02 1.5103651189804077e+02</time>
<cumulative_reward>4.3333417980670929e+03</cumulative_reward>
</opencv_storage>
