<?xml version="1.0"?>
<opencv_storage>
<reward>
  9.9390609999999997e+03 9.9190599999999995e+03 9.9100599999999995e+03
  9.8860609999999997e+03 9.8540609999999997e+03 9.8330599999999995e+03
  9.8170650000000005e+03 9.8120599999999995e+03 9.7680619999999999e+03
  9.7490609999999997e+03 9.7370599999999995e+03 9.7280609999999997e+03
  9.7250570000000007e+03 9.7120589999999993e+03 9.6750640000000003e+03</reward>
<time>
  6.0939000000000000e+01 8.0939999999999998e+01 8.9939999999999998e+01
  1.1393899999999999e+02 1.4593899999999999e+02 1.6694000000000000e+02
  1.8293500000000000e+02 1.8794000000000000e+02 2.3193799999999999e+02
  2.5093899999999999e+02 2.6294000000000000e+02 2.7193900000000002e+02
  2.7494299999999998e+02 2.8794099999999997e+02 3.2493599999999998e+02</time>
</opencv_storage>
