<?xml version="1.0"?>
<opencv_storage>
<task_selection_method>greedy_completion_reward</task_selection_method>
<param>1</param>
<num_agents>4</num_agents>
<num_nodes>100</num_nodes>
<reward>
  9.9199653625488281e+01 9.9199653625488281e+01 9.9199653625488281e+01
  9.7715292930603027e+01 9.5997333049774170e+01 9.4997187852859497e+01
  9.3355089902877808e+01 9.3117048263549805e+01 9.2305168628692627e+01
  9.0595404386520386e+01 8.9595429182052612e+01 8.8197392463684082e+01
  8.7396102905273438e+01 8.3797905206680298e+01 8.3513576984405518e+01
  8.3391975402832031e+01 8.1354828119277954e+01 7.9996938228607178e+01
  7.9506900787353516e+01 7.6105532646179199e+01 7.5954062938690186e+01
  7.3595061063766479e+01 7.0114998340606689e+01 6.6556340217590332e+01
  6.6314960241317749e+01 5.6715713739395142e+01 5.6316956281661987e+01
  5.4117478370666504e+01 4.9515489578247070e+01 4.7998955011367798e+01
  4.3195526123046875e+01 3.9113709688186646e+01 3.8949005842208862e+01
  3.7916035890579224e+01 3.5194874525070190e+01 3.1747364044189453e+01
  2.1914023399353027e+01 -1.9684806823730469e+01</reward>
<time>
  8.0034637451171875e-01 8.0034637451171875e-01 8.0034637451171875e-01
  2.2847070693969727e+00 4.0026669502258301e+00 5.0028121471405029e+00
  6.6449100971221924e+00 6.8829517364501953e+00 7.6948313713073730e+00
  9.4045956134796143e+00 1.0404570817947388e+01 1.1802607536315918e+01
  1.2603897094726562e+01 1.6202094793319702e+01 1.6486423015594482e+01
  1.6608024597167969e+01 1.8645171880722046e+01 2.0003061771392822e+01
  2.0493099212646484e+01 2.3894467353820801e+01 2.4045937061309814e+01
  2.6404938936233521e+01 2.9885001659393311e+01 3.3443659782409668e+01
  3.3685039758682251e+01 4.3284286260604858e+01 4.3683043718338013e+01
  4.5882521629333496e+01 5.0484510421752930e+01 5.2001044988632202e+01
  5.6804473876953125e+01 6.0886290311813354e+01 6.1050994157791138e+01
  6.2083964109420776e+01 6.4805125474929810e+01 6.8252635955810547e+01
  7.8085976600646973e+01 1.1968480682373047e+02</time>
<cumulative_reward>2.6340838162899017e+03</cumulative_reward>
</opencv_storage>
