<?xml version="1.0"?>
<opencv_storage>
<task_selection_method>greedy_completion_reward</task_selection_method>
<reward>
  9.9881496965885162e+03 9.9666935505867004e+03 9.9540051324367523e+03
  9.9284051582813263e+03 9.9198859930038452e+03 9.8984904463291168e+03
  9.8772987918853760e+03 9.8601456539630890e+03 9.8388241937160492e+03
  9.8260449943542480e+03 9.7919070336818695e+03 9.7790791928768158e+03
  9.7577933428287506e+03 9.7534831757545471e+03 9.7363455853462219e+03
  9.7107814803123474e+03</reward>
<time>2.8921851968765259e+02</time>
</opencv_storage>
