<?xml version="1.0"?>
<opencv_storage>
<task_selection_method>greedy_completion_reward</task_selection_method>
<reward>
  9.9739785466194153e+03 9.9692382385730743e+03</reward>
<time>3.0761761426925659e+01</time>
</opencv_storage>
