<?xml version="1.0"?>
<opencv_storage>
<task_selection_method>mcts_task_by_completion_reward_gradient</task_selection_method>
<reward>
  9.9810051908493042e+03 9.9669957427978516e+03 9.9579960088729858e+03
  9.9449954125881195e+03 9.9319951744079590e+03 9.9189952795505524e+03
  9.9009934494495392e+03 9.8929957935810089e+03 9.8749953100681305e+03
  9.8239936442375183e+03</reward>
<time>
  1.8994809150695801e+01 3.3004257202148438e+01 4.2003991127014160e+01
  5.5004587411880493e+01 6.8004825592041016e+01 8.1004720449447632e+01
  9.9006550550460815e+01 1.0700420641899109e+02 1.2500468993186951e+02
  1.7600635576248169e+02</time>
</opencv_storage>
