<?xml version="1.0"?>
<opencv_storage>
<task_selection_method>greedy_completion_reward</task_selection_method>
<param>4</param>
<num_agents>5</num_agents>
<num_nodes>100</num_nodes>
<reward>
  3.4777054645013095e+02 3.5854182844934576e+02 3.7365600400928179e+02
  3.7178540572088701e+02 3.4401718396440828e+02 3.6332138480661706e+02
  3.6169126353175852e+02 1.7530550343167403e+02 2.9070971986255074e+02
  1.3467189610637274e+02 3.4843284167475713e+02 2.4484447151056506e+02
  2.5444327607692458e+02 2.4759873838485012e+02 3.5021769785188519e+02
  3.4145557013654008e+02 3.5916234925804315e+02 3.0948697403838059e+02
  2.9221327262747673e+02 2.4633256608611148e+02 3.0660007413608707e+02
  2.9207015009175450e+02 2.7404401493241528e+02 2.1682071604906773e+02
  2.0040216930332647e+02 2.8287476349469176e+02 2.5951972828688855e+02
  2.5085370523929723e+02 2.5816472111369325e+02</reward>
<time>
  4.7059791088104248e+00 6.3062961101531982e+00 6.9374985694885254e+00
  7.3361234664916992e+00 7.7958409786224365e+00 1.1995492935180664e+01
  1.2507594823837280e+01 1.8504374980926514e+01 1.8515951633453369e+01
  2.0105898857116699e+01 2.1388655900955200e+01 2.2504399299621582e+01
  2.2904442787170410e+01 2.6505573511123657e+01 2.7106007575988770e+01
  2.7335217952728271e+01 2.9505810260772705e+01 2.9706480979919434e+01
  3.4137183666229248e+01 3.5395009279251099e+01 3.9307544946670532e+01
  3.9708718776702881e+01 4.3305718183517456e+01 4.6936571359634399e+01
  4.8105028390884399e+01 4.9137616634368896e+01 4.9906059741973877e+01
  5.3105807542800903e+01 5.4505996227264404e+01</time>
<cumulative_reward>8.4570085366257827e+03</cumulative_reward>
</opencv_storage>
