<?xml version="1.0"?>
<opencv_storage>
<task_selection_method>greedy_completion_reward</task_selection_method>
<reward>
  9.9894089555740356e+03 9.9707091176509857e+03 9.9583087437152863e+03
  9.9375088191032410e+03</reward>
<time>6.2491180896759033e+01</time>
</opencv_storage>
