<?xml version="1.0"?>
<opencv_storage>
<task_selection_method>mcts_task_by_completion_reward_gradient</task_selection_method>
<reward>
  9.9979588654041290e+03 9.9840081481933594e+03 9.9760095336437225e+03
  9.9639784054756165e+03 9.9549788019657135e+03 9.9519780294895172e+03
  9.9409788460731506e+03 9.9169786734580994e+03 9.9069786486625671e+03
  9.9009770946502686e+03 9.8839792084693909e+03 9.8529788985252380e+03</reward>
<time>
  2.0411345958709717e+00 1.5991851806640625e+01 2.3990466356277466e+01
  3.6021594524383545e+01 4.5021198034286499e+01 4.8021970510482788e+01
  5.9021153926849365e+01 8.3021326541900635e+01 9.3021351337432861e+01
  9.9022905349731445e+01 1.1602079153060913e+02 1.4702110147476196e+02</time>
</opencv_storage>
