<?xml version="1.0"?>
<opencv_storage>
<task_selection_method>mcts_task_by_completion_reward_gradient</task_selection_method>
<param>34</param>
<num_agents>5</num_agents>
<num_nodes>100</num_nodes>
<reward>
  4.5447390436012961e+02 4.4934205925662582e+02 4.3225623922505281e+02
  3.3451776927005562e+02 4.6345212419771991e+02 3.6632161628175686e+02
  4.0872896297436068e+02 2.7334937642711134e+02 4.7813574109755189e+02
  2.4656102119308457e+02 2.7352523987393835e+02 2.0125716174158768e+02
  3.7772618452147947e+02 3.8477311116062805e+02 3.7834089980983214e+02
  2.7623748700536896e+02 2.0267022165530881e+02 4.0263054607607990e+02
  2.5295638267899409e+02 2.1537280853407310e+02 2.6996243448687352e+02
  4.0391643615218436e+02 4.5352312290413334e+02 3.9303202317130359e+02
  2.2095558278305944e+02 2.7810511272219867e+02 2.4308241896121751e+02
  3.7543037866917234e+02 2.5620565019108818e+02 3.2294916211416245e+02
  2.3513217241292023e+02 2.1352237023639663e+02 2.0251686041899595e+02
  2.2626455543459889e+02 3.9331415717531161e+02 4.2474019398505425e+02
  2.7810682248124931e+02 2.5284494662388516e+02</reward>
<time>
  3.3449602127075195e+00 5.7728459835052490e+00 1.0914376735687256e+01
  2.2505123376846313e+01 2.2505462169647217e+01 2.3167222023010254e+01
  2.5103974819183350e+01 2.6944990396499634e+01 2.7314137935638428e+01
  2.7903955936431885e+01 2.9303952932357788e+01 3.1156810283660889e+01
  3.2103967905044556e+01 3.3904354333877563e+01 3.4303948163986206e+01
  3.6704035758972168e+01 3.6997398614883423e+01 4.0324319839477539e+01
  4.1104245662689209e+01 4.1321811199188232e+01 4.2322938919067383e+01
  4.2504013299942017e+01 4.4363990068435669e+01 4.6302690029144287e+01
  4.7972751855850220e+01 4.9103921175003052e+01 4.9782913208007812e+01
  4.9907817602157593e+01 5.0933130979537964e+01 5.2102781057357788e+01
  5.2733064889907837e+01 5.2793396949768066e+01 5.3504240274429321e+01
  5.5363005399703979e+01 5.5703845739364624e+01 5.6102455377578735e+01
  5.9103138685226440e+01 5.9543239593505859e+01</time>
<cumulative_reward>1.2316233258264545e+04</cumulative_reward>
</opencv_storage>
