<?xml version="1.0"?>
<opencv_storage>
<task_selection_method>mcts_task_by_completion_reward_gradient</task_selection_method>
<param>34</param>
<num_agents>5</num_agents>
<num_nodes>100</num_nodes>
<reward>
  0. 0. 0. 0. 0. 0. 0. 0. 0. 0. 0. 0. 0. 0. 0. 0. 0.
  1.9720709514617920e+02 0. 0. 0. 0. 0. 0. 0. 0. 0.
  1.9606796503067017e+02 0. 0. 0. 1.9548851537704468e+02 0. 0. 0. 0. 0.
  0. 0. 0. 0. 0. 0. 0. 1.9381787753105164e+02 1.9368881106376648e+02 0.
  0. 0. 0. 0. 0. 0. 0. 1.9268791985511780e+02 1.9268791985511780e+02 0.
  0. 0. 0. 0. 0. 0. 0. 0. 0. 0. 0. 0. 0. 0. 0. 0. 1.9028840637207031e+02
  0. 0. 0. 1.8988851857185364e+02 0. 0. 0. 0. 0. 0. 0. 0. 0. 0. 0. 0.
  1.8768839287757874e+02 0. 0. 0. 0. 0. 0. 0. 0. 0. 0. 0. 0. 0. 0. 0.
  1.8581755924224854e+02 0. 0. 0. 0. 0. 0. 0. 0. 0. 0. 0. 0. 0. 0. 0. 0.
  0. 1.8348850083351135e+02 0. 0. 0. 1.8321728587150574e+02 0. 0. 0. 0.
  0. 0. 0. 0. 0. 0. 0. 0. 0. 0. 0. 1.8081751060485840e+02 0. 0. 0. 0. 0.
  0. 0. 0. 0. 0. 0. 0. 1.7882646012306213e+02 0. 0.
  1.7848728013038635e+02 0. 0. 0. 0. 0. 0. 0. 0. 0. 0. 0. 0.
  1.7704612517356873e+02 0. 0. 0. 0. 0. 0. 0. 0. 0. 0. 0. 0. 0. 0.
  1.7448834443092346e+02 0. 0. 0. 0. 0. 0. 0. 0. 0. 0.
  1.7328852748870850e+02 0. 0. 0. 0. 1.7264805579185486e+02 0. 0. 0. 0.
  0. 0. 0. 0. 0. 0. 0. 0. 0. 0. 0. 0. 0. 0. 0. 0. 0. 0. 0. 0. 0. 0. 0.
  0. 0. 0. 0. 0. 0. 0. 0. 0. 0. 0. 0. 0. 0. 0. 0. 0. 0. 0.
  1.6522716236114502e+02 0. 0. 0. 1.6468883347511292e+02 0. 0. 0. 0. 0.
  0. 0. 0. 0. 0. 0. 1.6325722336769104e+02 0. 0. 0. 0. 0. 0. 0. 0. 0. 0.
  0. 0. 0. 0. 0. 0. 0. 0. 0. 0. 0. 0. 0. 0. 0. 0. 0. 0. 0. 0.
  1.5908801102638245e+02 0. 0. 0. 0. 0. 0. 0. 0. 0. 0. 0. 0. 0. 0. 0. 0.
  0. 0. 0. 0. 0. 0. 0. 0. 0. 0. 0. 1.5504793715476990e+02 0. 0. 0. 0. 0.
  0. 0. 0. 0. 1.5388814902305603e+02 1.5268815588951111e+02
  1.5007824325561523e+02 1.4980773711204529e+02 0. 0. 0. 0. 0. 0. 0.
  1.4668812203407288e+02 1.4661774682998657e+02 0. 0. 0. 0. 0. 0. 0. 0.
  0. 0. 0. 0. 0. 1.4480753087997437e+02 0. 0. 0. 0. 0. 0. 0. 0.
  1.4388855910301208e+02 0. 0. 0. 0. 0. 0. 0. 1.4282820773124695e+02 0.
  0. 0. 0. 1.4208748888969421e+02 0. 0. 0. 0. 0. 0. 0. 0. 0. 0. 0. 0. 0.
  1.4028780889511108e+02 0. 0. 0. 0. 0.</reward>
<time>
  3.5203862190246582e-01 5.1160573959350586e-01 7.1170043945312500e-01
  7.5190949440002441e-01 9.1202783584594727e-01 1.1120002269744873e+00
  1.1821987628936768e+00 1.3629405498504639e+00 1.5120723247528076e+00
  1.7120068073272705e+00 1.9112939834594727e+00 1.9922389984130859e+00
  2.3119869232177734e+00 2.3226811885833740e+00 2.5147764682769775e+00
  2.5356543064117432e+00 2.7119708061218262e+00 2.7929048538208008e+00
  2.9115078449249268e+00 2.9217448234558105e+00 3.1115202903747559e+00
  3.1523694992065430e+00 3.3119122982025146e+00 3.3829257488250732e+00
  3.5144987106323242e+00 3.7115101814270020e+00 3.9116659164428711e+00
  3.9320349693298340e+00 4.1111280918121338e+00 4.3112189769744873e+00
  4.3721520900726318e+00 4.5114846229553223e+00 4.5621807575225830e+00
  4.7223370075225830e+00 4.9118254184722900e+00 4.9723834991455078e+00
  5.1151506900787354e+00 5.3118331432342529e+00 5.3622221946716309e+00
  5.5118844509124756e+00 5.7321963310241699e+00 5.9120297431945801e+00
  6.1120550632476807e+00 6.1628463268280029e+00 6.1821224689483643e+00
  6.3111889362335205e+00 6.3119912147521973e+00 6.5111277103424072e+00
  6.5818800926208496e+00 6.7111630439758301e+00 6.9120278358459473e+00
  6.9227809906005859e+00 7.1119761466979980e+00 7.1941361427307129e+00
  7.3120801448822021e+00 7.3120801448822021e+00 7.3530483245849609e+00
  7.5112745761871338e+00 7.7120175361633301e+00 7.7329363822937012e+00
  7.9119496345520020e+00 7.9430048465728760e+00 8.1819663047790527e+00
  8.5114612579345703e+00 8.5316665172576904e+00 8.7115020751953125e+00
  8.7616670131683350e+00 8.9223759174346924e+00 9.1115827560424805e+00
  9.1622488498687744e+00 9.3116397857666016e+00 9.5116050243377686e+00
  9.5324478149414062e+00 9.7115936279296875e+00 9.7216527462005615e+00
  9.9616007804870605e+00 1.0111481428146362e+01 1.0111481428146362e+01
  1.0312090396881104e+01 1.0352342128753662e+01 1.0532031774520874e+01
  1.0752676248550415e+01 1.0952627658843994e+01 1.1311920642852783e+01
  1.1511564731597900e+01 1.1551795244216919e+01 1.1762486696243286e+01
  1.1913774251937866e+01 1.1994124412536621e+01 1.2111167430877686e+01
  1.2311607122421265e+01 1.2311607122421265e+01 1.2332434654235840e+01
  1.2512188196182251e+01 1.2592260599136353e+01 1.2711758375167847e+01
  1.2912096023559570e+01 1.2922925710678101e+01 1.3111829042434692e+01
  1.3311864137649536e+01 1.3392911672592163e+01 1.3532283544540405e+01
  1.3711376190185547e+01 1.3772338390350342e+01 1.3911570787429810e+01
  1.4112206935882568e+01 1.4182440757751465e+01 1.4311498641967773e+01
  1.4511506319046021e+01 1.4511506319046021e+01 1.4711370706558228e+01
  1.4911156654357910e+01 1.5111613035202026e+01 1.5152674674987793e+01
  1.5311470985412598e+01 1.5362519979476929e+01 1.5527314186096191e+01
  1.5588088035583496e+01 1.5742877960205078e+01 1.5911984682083130e+01
  1.6111961603164673e+01 1.6112600088119507e+01 1.6317646265029907e+01
  1.6318315744400024e+01 1.6511499166488647e+01 1.6511499166488647e+01
  1.6582035064697266e+01 1.6711785554885864e+01 1.6782714128494263e+01
  1.6983023881912231e+01 1.7153034925460815e+01 1.7352663040161133e+01
  1.7711310863494873e+01 1.7782281875610352e+01 1.7981741189956665e+01
  1.8142176151275635e+01 1.8315420389175415e+01 1.8395688533782959e+01
  1.8511172771453857e+01 1.8711523771286011e+01 1.8731593370437622e+01
  1.8911609172821045e+01 1.9111427545547485e+01 1.9131491184234619e+01
  1.9182489395141602e+01 1.9311514854431152e+01 1.9352101564407349e+01
  1.9511791706085205e+01 1.9551847696304321e+01 1.9725178003311157e+01
  1.9795230627059937e+01 2.0111845731735229e+01 2.0311830520629883e+01
  2.0511664628982544e+01 2.0711654424667358e+01 2.0752692461013794e+01
  2.0981976509094238e+01 2.1173539876937866e+01 2.1311699151992798e+01
  2.1342555761337280e+01 2.1512719869613647e+01 2.1512719869613647e+01
  2.1562997341156006e+01 2.1732367038726807e+01 2.1911891698837280e+01
  2.1962901830673218e+01 2.2111778497695923e+01 2.2311628580093384e+01
  2.2312469720840454e+01 2.2511541604995728e+01 2.2712005376815796e+01
  2.2792100667953491e+01 2.2933506250381470e+01 2.2953874826431274e+01
  2.3112122535705566e+01 2.3311677932739258e+01 2.3511876583099365e+01
  2.3711924791336060e+01 2.3911958694458008e+01 2.4124840497970581e+01
  2.4332135438919067e+01 2.4511521816253662e+01 2.4711997509002686e+01
  2.4911513805389404e+01 2.4982027530670166e+01 2.5132516622543335e+01
  2.5311904430389404e+01 2.5511655569076538e+01 2.5511655569076538e+01
  2.5522661209106445e+01 2.5522661209106445e+01 2.5732934713363647e+01
  2.5911623001098633e+01 2.5971889972686768e+01 2.6111589908599854e+01
  2.6311479568481445e+01 2.6361670017242432e+01 2.6511487007141113e+01
  2.6711472511291504e+01 2.6711472511291504e+01 2.6911497831344604e+01
  2.7111464977264404e+01 2.7111464977264404e+01 2.7320280790328979e+01
  2.7351944208145142e+01 2.7380907058715820e+01 2.7512198209762573e+01
  2.7711462497711182e+01 2.7911853075027466e+01 2.7953162670135498e+01
  2.8181808948516846e+01 2.8322566747665405e+01 2.8521980524063110e+01
  2.8721827030181885e+01 2.9111171960830688e+01 2.9313452959060669e+01
  2.9512023687362671e+01 2.9552547216415405e+01 2.9712044715881348e+01
  2.9911989688873291e+01 2.9942537784576416e+01 3.0111478090286255e+01
  3.0311950683593750e+01 3.0322958230972290e+01 3.0511477231979370e+01
  3.0711479902267456e+01 3.0751905202865601e+01 3.0912600040435791e+01
  3.0963449716567993e+01 3.1121539115905762e+01 3.1312834262847900e+01
  3.1364563703536987e+01 3.1511483430862427e+01 3.1712963581085205e+01
  3.1712963581085205e+01 3.1911806344985962e+01 3.2122035264968872e+01
  3.2311175107955933e+01 3.2511141061782837e+01 3.2711963891983032e+01
  3.2911337614059448e+01 3.3111267328262329e+01 3.3311857223510742e+01
