<?xml version="1.0"?>
<opencv_storage>
<task_selection_method>greedy_completion_reward</task_selection_method>
<reward>
  9.9980401208400726e+03 9.9980401208400726e+03 9.9979997117519379e+03
  9.9930435738563538e+03 9.9930027561187744e+03 9.9880423893928528e+03
  9.9870423362255096e+03 9.9870016586780548e+03 9.9800395615100861e+03
  9.9770427176952362e+03 9.9760399792194366e+03 9.9730410645008087e+03
  9.9710086064338684e+03 9.9650011162757874e+03 9.9560403804779053e+03
  9.9490022482872009e+03 9.9460394501686096e+03 9.9280404946804047e+03
  9.9260426342487335e+03 9.9150431034564972e+03 9.9110419280529022e+03</reward>
<time>
  1.9598791599273682e+00 1.9598791599273682e+00 2.0002882480621338e+00
  6.9564261436462402e+00 6.9972438812255859e+00 1.1957610607147217e+01
  1.2957663774490356e+01 1.2998341321945190e+01 1.9960438489913940e+01
  2.2957282304763794e+01 2.3960020780563354e+01 2.6958935499191284e+01
  2.8991393566131592e+01 3.4998883724212646e+01 4.3959619522094727e+01
  5.0997751712799072e+01 5.3960549831390381e+01 7.1959505319595337e+01
  7.3957365751266479e+01 8.4956896543502808e+01 8.8958071947097778e+01</time>
</opencv_storage>
