<?xml version="1.0"?>
<opencv_storage>
<task_selection_method>greedy_completion_reward</task_selection_method>
<param>34</param>
<num_agents>5</num_agents>
<num_nodes>100</num_nodes>
<reward>
  1.9987770843505859e+02 1.9889548587799072e+02 1.9769607043266296e+02
  1.9769607043266296e+02 1.9749693250656128e+02 1.9702297830581665e+02
  1.9689573192596436e+02 1.9629365992546082e+02 1.9562559223175049e+02
  1.9529688310623169e+02 1.9509797143936157e+02 1.9467508482933044e+02
  1.9429992413520813e+02 1.9309709310531616e+02 1.9249765110015869e+02
  1.9249765110015869e+02 1.9189686417579651e+02 1.9029540014266968e+02
  1.9009673237800598e+02 1.8989560079574585e+02 1.8869723558425903e+02
  1.8289604067802429e+02 1.8209587335586548e+02 1.7949693036079407e+02
  1.7847635316848755e+02 1.7829647970199585e+02 1.7767461133003235e+02
  1.7667417907714844e+02 1.7189634823799133e+02</reward>
<time>
  1.2229156494140625e-01 1.1045141220092773e+00 2.3039295673370361e+00
  2.3039295673370361e+00 2.5030674934387207e+00 2.9770216941833496e+00
  3.1042680740356445e+00 3.7063400745391846e+00 4.3744077682495117e+00
  4.7031168937683105e+00 4.9020285606384277e+00 5.3249151706695557e+00
  5.7000758647918701e+00 6.9029068946838379e+00 7.5023488998413086e+00
  7.5023488998413086e+00 8.1031358242034912e+00 9.7045998573303223e+00
  9.9032676219940186e+00 1.0104399204254150e+01 1.1302764415740967e+01
  1.7103959321975708e+01 1.7904126644134521e+01 2.0503069639205933e+01
  2.1523646831512451e+01 2.1703520298004150e+01 2.2325388669967651e+01
  2.3325820922851562e+01 2.8103651762008667e+01</time>
<cumulative_reward>5.5133511378765106e+03</cumulative_reward>
</opencv_storage>
