<?xml version="1.0"?>
<opencv_storage>
<task_selection_method>mcts_task_by_completion_reward_gradient</task_selection_method>
<reward>
  9.9913914830684662e+03 9.9913507487773895e+03 9.9892029125690460e+03
  9.9883211057186127e+03 9.9842029809951782e+03 9.9842029809951782e+03
  9.9823809163570404e+03 9.9822032010555267e+03 9.9812004015445709e+03
  9.9793300666809082e+03 9.9773919985294342e+03 9.9753826680183411e+03
  9.9753826680183411e+03 9.9743615820407867e+03 9.9672006187438965e+03
  9.9622010273933411e+03 9.9613909022808075e+03 9.9594037618637085e+03
  9.9593926172256470e+03 9.9573307237625122e+03 9.9543720550537109e+03
  9.9542028489112854e+03 9.9508029947280884e+03 9.9493705024719238e+03
  9.9473320257663727e+03 9.9448019118309021e+03 9.9392019150257111e+03
  9.9362031588554382e+03 9.9323314926624298e+03 9.9301987280845642e+03
  9.9284028642177582e+03 9.9223407180309296e+03 9.9213419353961945e+03
  9.9103620140552521e+03</reward>
<time>
  8.6085169315338135e+00 8.6492512226104736e+00 1.0797087430953979e+01
  1.1678894281387329e+01 1.5797019004821777e+01 1.5797019004821777e+01
  1.7619083642959595e+01 1.7796798944473267e+01 1.8799598455429077e+01
  2.0669933319091797e+01 2.2608001470565796e+01 2.4617331981658936e+01
  2.4617331981658936e+01 2.5638417959213257e+01 3.2799381256103516e+01
  3.7798972606658936e+01 3.8609097719192505e+01 4.0596238136291504e+01
  4.0607382774353027e+01 4.2669276237487793e+01 4.5627944946289062e+01
  4.5797151088714600e+01 4.9197005271911621e+01 5.0629497528076172e+01
  5.2667974233627319e+01 5.5198088169097900e+01 6.0798084974288940e+01
  6.3796841144561768e+01 6.7668507337570190e+01 6.9801271915435791e+01
  7.1597135782241821e+01 7.7659281969070435e+01 7.8658064603805542e+01
  8.9637985944747925e+01</time>
</opencv_storage>
