<?xml version="1.0"?>
<opencv_storage>
<task_selection_method>greedy_completion_reward</task_selection_method>
<param>2</param>
<num_agents>4</num_agents>
<num_nodes>100</num_nodes>
<reward>
  9.6884955167770386e+01 9.6475075721740723e+01 9.5083824396133423e+01
  9.3833558082580566e+01 9.3052680730819702e+01 9.2087738990783691e+01
  9.0077481031417847e+01 8.7083364725112915e+01 8.4884801864624023e+01
  8.3232920646667480e+01 8.1485723972320557e+01 8.0884835481643677e+01
  8.0450841903686523e+01 7.7883459329605103e+01 7.7872388362884521e+01
  7.5831345796585083e+01 7.4042481899261475e+01 7.2883559942245483e+01
  6.9883486509323120e+01 6.8884730815887451e+01 6.8483217477798462e+01
  6.7084887742996216e+01 6.3274435281753540e+01 6.3244234800338745e+01
  6.1273538351058960e+01 5.9075354099273682e+01 5.8480812072753906e+01
  5.7440966606140137e+01 5.4852661371231079e+01 5.4083212375640869e+01
  5.2654589891433716e+01 5.1252787590026855e+01 4.9083613872528076e+01
  4.5883362531661987e+01 4.1681966781616211e+01 3.4650481462478638e+01
  3.3283415794372559e+01 3.1473593950271606e+01 2.9681217670440674e+01
  2.7684382438659668e+01 1.0252079248428345e+01 -8.7510242462158203e+00
  -1.1946777820587158e+01 -1.3953785419464111e+01</reward>
<time>
  3.1150448322296143e+00 3.5249242782592773e+00 4.9161756038665771e+00
  6.1664419174194336e+00 6.9473192691802979e+00 7.9122610092163086e+00
  9.9225189685821533e+00 1.2916635274887085e+01 1.5115198135375977e+01
  1.6767079353332520e+01 1.8514276027679443e+01 1.9115164518356323e+01
  1.9549158096313477e+01 2.2116540670394897e+01 2.2127611637115479e+01
  2.4168654203414917e+01 2.5957518100738525e+01 2.7116440057754517e+01
  3.0116513490676880e+01 3.1115269184112549e+01 3.1516782522201538e+01
  3.2915112257003784e+01 3.6725564718246460e+01 3.6755765199661255e+01
  3.8726461648941040e+01 4.0924645900726318e+01 4.1519187927246094e+01
  4.2559033393859863e+01 4.5147338628768921e+01 4.5916787624359131e+01
  4.7345410108566284e+01 4.8747212409973145e+01 5.0916386127471924e+01
  5.4116637468338013e+01 5.8318033218383789e+01 6.5349518537521362e+01
  6.6716584205627441e+01 6.8526406049728394e+01 7.0318782329559326e+01
  7.2315617561340332e+01 8.9747920751571655e+01 1.0875102424621582e+02
  1.1194677782058716e+02 1.1395378541946411e+02</time>
<cumulative_reward>2.6530224792957306e+03</cumulative_reward>
</opencv_storage>
