<?xml version="1.0"?>
<opencv_storage>
<task_selection_method>"1"</task_selection_method>
<reward>
  9.9999193651676178e+03 9.9999193651676178e+03</reward>
<time>
  8.0634832382202148e-02 8.0634832382202148e-02</time>
</opencv_storage>
