<?xml version="1.0"?>
<opencv_storage>
<task_selection_method>mcts_task_by_completion_reward_gradient</task_selection_method>
<reward>
  9.9798977241516113e+03 9.9728977282047272e+03 9.9598977944850922e+03
  9.9598977944850922e+03 9.9408978564739227e+03 9.8978978519439697e+03
  9.8838977973461151e+03 9.8758978526592255e+03 9.8598977668285370e+03</reward>
<time>
  2.0102275848388672e+01 2.7102271795272827e+01 4.0102205514907837e+01
  4.0102205514907837e+01 5.9102143526077271e+01 1.0210214805603027e+02
  1.1610220265388489e+02 1.2410214734077454e+02 1.4010223317146301e+02</time>
</opencv_storage>
