<?xml version="1.0"?>
<opencv_storage>
<task_selection_method>mcts_task_by_completion_reward_gradient</task_selection_method>
<reward>
  9.9979810507297516e+03 9.9979708905220032e+03 9.9919572072029114e+03
  9.9899708776473999e+03 9.9859604785442352e+03 9.9830004105567932e+03
  9.9829694776535034e+03 9.9789810798168182e+03 9.9789505577087402e+03
  9.9789210488796234e+03 9.9749605541229248e+03 9.9749310610294342e+03
  9.9709798059463501e+03 9.9559506931304932e+03 9.9520003738403320e+03
  9.9490016679763794e+03 9.9319812488555908e+03 9.9249218127727509e+03</reward>
<time>
  2.0189492702484131e+00 2.0291094779968262e+00 8.0427927970886230e+00
  1.0029122352600098e+01 1.4039521455764771e+01 1.6999589443206787e+01
  1.7030522346496582e+01 2.1018920183181763e+01 2.1049442291259766e+01
  2.1078951120376587e+01 2.5039445877075195e+01 2.5068938970565796e+01
  2.9020194053649902e+01 4.4049306869506836e+01 4.7999626159667969e+01
  5.0998332023620605e+01 6.8018751144409180e+01 7.5078187227249146e+01</time>
</opencv_storage>
