<?xml version="1.0"?>
<opencv_storage>
<task_selection_method>mcts_task_by_completion_reward_gradient</task_selection_method>
<param>2</param>
<num_agents>2</num_agents>
<num_nodes>100</num_nodes>
<reward>
  1.8978055286407471e+02 1.8840293478965759e+02 1.8600241875648499e+02
  1.8320260190963745e+02 1.8000070548057556e+02 1.7920147895812988e+02
  1.7780353713035583e+02 1.7655017471313477e+02 1.7135271191596985e+02
  1.6960275888442993e+02 1.6459064316749573e+02 1.6235208177566528e+02
  1.5419226765632629e+02 1.4899135375022888e+02 1.4479061222076416e+02
  1.3959999108314514e+02 1.3540085434913635e+02 1.3519131541252136e+02
  1.3280113291740417e+02 1.2800164222717285e+02 1.2315044975280762e+02
  1.1300125837326050e+02 1.0460080814361572e+02 8.8351201772689819e+01
  8.2990642309188843e+01 6.6351359367370605e+01 5.2149760961532593e+01
  3.5204410076141357e+01</reward>
<time>
  1.0219447135925293e+01 1.1597065210342407e+01 1.3997581243515015e+01
  1.6797398090362549e+01 1.9999294519424438e+01 2.0798521041870117e+01
  2.2196462869644165e+01 2.3449825286865234e+01 2.8647288084030151e+01
  3.0397241115570068e+01 3.5409356832504272e+01 3.7647918224334717e+01
  4.5807732343673706e+01 5.1008646249771118e+01 5.5209387779235840e+01
  6.0400008916854858e+01 6.4599145650863647e+01 6.4808684587478638e+01
  6.7198867082595825e+01 7.1998357772827148e+01 7.6849550247192383e+01
  8.6998741626739502e+01 9.5399191856384277e+01 1.1164879822731018e+02
  1.1700935769081116e+02 1.3364864063262939e+02 1.4785023903846741e+02
  1.6479558992385864e+02</time>
<cumulative_reward>3.9136116607189178e+03</cumulative_reward>
</opencv_storage>
