<?xml version="1.0"?>
<opencv_storage>
<task_selection_method>greedy_completion_reward</task_selection_method>
<param>34</param>
<num_agents>1</num_agents>
<num_nodes>100</num_nodes>
<reward>
  4.3066776780055091e+02 4.1228043752257128e+02 3.9095405609192602e+02</reward>
<time>
  3.8319992065429688e+01 2.7592086601257324e+02 2.9791641902923584e+02</time>
<cumulative_reward>1.2339022614150483e+03</cumulative_reward>
</opencv_storage>
