<?xml version="1.0"?>
<opencv_storage>
<task_selection_method>greedy_completion_reward</task_selection_method>
<reward>
  9.9860019567012787e+03 9.9719980750083923e+03 9.9629987494945526e+03
  9.9500005614757538e+03 9.9369996511936188e+03 9.9240006458759308e+03
  9.9059978551864624e+03 9.8980019998550415e+03 9.8800000662803650e+03
  9.8290021767616272e+03</reward>
<time>
  1.3998043298721313e+01 2.8001924991607666e+01 3.7001250505447388e+01
  4.9999438524246216e+01 6.3000348806381226e+01 7.5999354124069214e+01
  9.4002144813537598e+01 1.0199800014495850e+02 1.1999993371963501e+02
  1.7099782323837280e+02</time>
</opencv_storage>
