<?xml version="1.0"?>
<opencv_storage>
<task_selection_method>mcts_task_by_completion_reward_gradient</task_selection_method>
<param>1</param>
<num_agents>2</num_agents>
<num_nodes>100</num_nodes>
<reward>
  1.9540319728851318e+02 1.9513138747215271e+02 1.9260216331481934e+02
  1.9180185461044312e+02 1.8760225296020508e+02 1.8440103507041931e+02
  1.7920152711868286e+02 1.7560179877281189e+02 1.6600059151649475e+02
  1.6053076362609863e+02 1.5860195565223694e+02 1.5617313408851624e+02
  1.4860102033615112e+02 1.4120104670524597e+02 1.3779161214828491e+02
  1.1377108192443848e+02 1.0840282583236694e+02</reward>
<time>
  4.5968027114868164e+00 4.8686125278472900e+00 7.3978366851806641e+00
  8.1981453895568848e+00 1.2397747039794922e+01 1.5598964929580688e+01
  2.0798472881317139e+01 2.4398201227188110e+01 3.3999408483505249e+01
  3.9469236373901367e+01 4.1398044347763062e+01 4.3826865911483765e+01
  5.1398979663848877e+01 5.8798953294754028e+01 6.2208387851715088e+01
  8.6228918075561523e+01 9.1597174167633057e+01</time>
<cumulative_reward>2.7928192484378815e+03</cumulative_reward>
</opencv_storage>
