<?xml version="1.0"?>
<opencv_storage>
<task_selection_method>greedy_completion_reward</task_selection_method>
<reward>
  9.9970099792480469e+03 9.9899299378395081e+03</reward>
<time>1.0070062160491943e+01</time>
</opencv_storage>
