<?xml version="1.0"?>
<opencv_storage>
<task_selection_method>mcts_task_by_completion_reward_gradient</task_selection_method>
<reward>
  9.9878042092323303e+03 9.9869911987781525e+03 9.9850035641193390e+03
  9.9850035641193390e+03 9.9839424355030060e+03 9.9810027542114258e+03
  9.9808036077022552e+03 9.9799627816677094e+03 9.9749531023502350e+03
  9.9729719972610474e+03 9.9720039536952972e+03 9.9719730837345123e+03
  9.9710037937164307e+03 9.9660037164688110e+03 9.9659728362560272e+03
  9.9630034377574921e+03 9.9570025613307953e+03 9.9439622066020966e+03
  9.9409734663963318e+03 9.9389734606742859e+03 9.9369736535549164e+03
  9.9350036227703094e+03</reward>
<time>
  1.2195790767669678e+01 1.3008801221847534e+01 1.4996435880661011e+01
  1.4996435880661011e+01 1.6057564496994019e+01 1.8997245788574219e+01
  1.9196392297744751e+01 2.0037218332290649e+01 2.5046897649765015e+01
  2.7028002738952637e+01 2.7996046304702759e+01 2.8026916265487671e+01
  2.8996206283569336e+01 3.3996283531188965e+01 3.4027163743972778e+01
  3.6996562242507935e+01 4.2997438669204712e+01 5.6037793397903442e+01
  5.9026533603668213e+01 6.1026539325714111e+01 6.3026346445083618e+01
  6.4996377229690552e+01</time>
</opencv_storage>
