<?xml version="1.0"?>
<opencv_storage>
<task_selection_method>greedy_completion_reward</task_selection_method>
<reward>
  9.9738793103694916e+03 9.9632103765010834e+03 9.9438777930736542e+03
  9.9393104503154755e+03 9.9195103404521942e+03 9.9113103561401367e+03
  9.9072103986740112e+03 9.9018097953796387e+03 9.8980103538036346e+03</reward>
<time>1.0198964619636536e+02</time>
</opencv_storage>
