<?xml version="1.0"?>
<opencv_storage>
<task_selection_method>mcts_task_by_completion_reward_gradient</task_selection_method>
<param>34</param>
<map_name>osu_field</map_name>
<num_agents>1</num_agents>
<num_nodes>100</num_nodes>
<reward>
  4.7598827418754530e+02 4.1682403974363757e+02 4.5799440418638090e+02
  3.9106946238082043e+02 4.6253614333588843e+02 4.3407735042610864e+02
  4.0216962550306096e+02 4.0391643615218436e+02 4.5352312290413334e+02
  4.2820356269636108e+02 3.2232002571778435e+02 3.9156148102205123e+02</reward>
<time>
  7.7772496938705444e+01 1.1157270884513855e+02 1.5521331381797791e+02
  1.6862297701835632e+02 1.8217251133918762e+02 1.8979280352592468e+02
  2.2957161331176758e+02 2.4583277702331543e+02 2.5397178792953491e+02
  2.6304290533065796e+02 2.7441255974769592e+02 2.9277214956283569e+02</time>
<cumulative_reward>5.0401839282559567e+03</cumulative_reward>
</opencv_storage>
