<?xml version="1.0"?>
<opencv_storage>
<task_selection_method>greedy_completion_reward</task_selection_method>
<reward>
  9.9980096974372864e+03 9.9865095708370209e+03</reward>
<time>1.3490429162979126e+01</time>
</opencv_storage>
