<?xml version="1.0"?>
<opencv_storage>
<task_selection_method>greedy_completion_reward</task_selection_method>
<reward>
  9.9954295113086700e+03 9.9925295960903168e+03 9.9836296467781067e+03</reward>
<time>1.6370353221893311e+01</time>
</opencv_storage>
