<?xml version="1.0"?>
<opencv_storage>
<reward>
  9.9609959999999992e+03 9.9579969999999994e+03 9.9439969999999994e+03
  9.8999969999999994e+03 9.8799950000000008e+03 9.8359969999999994e+03
  9.8149959999999992e+03</reward>
<time>
  3.9003999999999998e+01 4.2003000000000000e+01 5.6003000000000000e+01
  1.0000300000000000e+02 1.2000500000000000e+02 1.6400299999999999e+02
  1.8500399999999999e+02</time>
</opencv_storage>
