<?xml version="1.0"?>
<opencv_storage>
<task_selection_method>mcts_task_by_completion_reward_gradient</task_selection_method>
<param>2</param>
<num_agents>2</num_agents>
<num_nodes>100</num_nodes>
<reward>
  4.7071825500222042e+02 2.4233596729510737e+02 4.3753800737875503e+02
  4.9437035800870615e+02 2.7511789485477516e+02 1.6467564471220825e+02
  2.2057677738942203e+02 2.3291023965452482e+02 2.1124383117747229e+02
  4.7728426610314517e+02 3.5679705772556531e+02 4.2197586349998431e+02
  2.1489195830528126e+02</reward>
<time>
  1.5045775175094604e+01 1.8445384979248047e+01 2.0794167041778564e+01
  2.4994473695755005e+01 2.7605136156082153e+01 3.1394507408142090e+01
  3.6205798387527466e+01 4.3194730758666992e+01 5.1045404195785522e+01
  5.3204528093338013e+01 5.5245625972747803e+01 5.5594955205917358e+01
  5.7594819545745850e+01</time>
<cumulative_reward>4.2204361211071673e+03</cumulative_reward>
</opencv_storage>
