<?xml version="1.0"?>
<opencv_storage>
<task_selection_method>mcts_task_by_completion_reward_gradient</task_selection_method>
<reward>
  9.9789736270904541e+03 9.9589456896781921e+03 9.9449437918663025e+03
  9.9299528534412384e+03 9.9179439680576324e+03 9.8989438064098358e+03
  9.8869445478916168e+03 9.8609521856307983e+03 9.8479439480304718e+03
  9.8309441685676575e+03</reward>
<time>
  2.1026372909545898e+01 4.1054310321807861e+01 5.5056208133697510e+01
  7.0047146558761597e+01 8.2056031942367554e+01 1.0105619359016418e+02
  1.1305545210838318e+02 1.3904781436920166e+02 1.5205605196952820e+02
  1.6905583143234253e+02</time>
</opencv_storage>
