<?xml version="1.0"?>
<opencv_storage>
<reward>
  9.9748099999999995e+03 9.9658119999999999e+03</reward>
<time>
  2.5190000000000001e+01 3.4188000000000002e+01</time>
</opencv_storage>
