<?xml version="1.0"?>
<opencv_storage>
<task_selection_method>mcts_task_by_completion_reward_gradient</task_selection_method>
<param>1</param>
<num_agents>4</num_agents>
<num_nodes>100</num_nodes>
<reward>
  9.9694911003112793e+01 9.9694911003112793e+01 9.9694911003112793e+01
  9.7497233390808105e+01 9.5695481061935425e+01 9.4497254133224487e+01
  9.2895842790603638e+01 9.2835374832153320e+01 9.1835998296737671e+01
  8.9894710302352905e+01 8.7895839214324951e+01 8.7695634841918945e+01
  8.6816250324249268e+01 8.3095578908920288e+01 8.3015344381332397e+01
  8.0464257478713989e+01 7.9295454978942871e+01 7.8495339632034302e+01
  7.7296224117279053e+01 7.4897512435913086e+01 7.4497685909271240e+01
  7.3696199893951416e+01 6.5293905735015869e+01 6.4888015508651733e+01
  5.9665399551391602e+01 5.5686969041824341e+01 5.3054784059524536e+01
  5.1097349882125854e+01 4.8450714826583862e+01 4.6240112781524658e+01
  4.0897639036178589e+01 3.7897207498550415e+01 3.6665230989456177e+01
  3.2897213935852051e+01 2.9459041118621826e+01 2.6096099853515625e+01
  2.4497697830200195e+01 -2.7123231410980225e+01</reward>
<time>
  3.0508899688720703e-01 3.0508899688720703e-01 3.0508899688720703e-01
  2.5027666091918945e+00 4.3045189380645752e+00 5.5027458667755127e+00
  7.1041572093963623e+00 7.1646251678466797e+00 8.1640017032623291e+00
  1.0105289697647095e+01 1.2104160785675049e+01 1.2304365158081055e+01
  1.3183749675750732e+01 1.6904421091079712e+01 1.6984655618667603e+01
  1.9535742521286011e+01 2.0704545021057129e+01 2.1504660367965698e+01
  2.2703775882720947e+01 2.5102487564086914e+01 2.5502314090728760e+01
  2.6303800106048584e+01 3.4706094264984131e+01 3.5111984491348267e+01
  4.0334600448608398e+01 4.4313030958175659e+01 4.6945215940475464e+01
  4.8902650117874146e+01 5.1549285173416138e+01 5.3759887218475342e+01
  5.9102360963821411e+01 6.2102792501449585e+01 6.3334769010543823e+01
  6.7102786064147949e+01 7.0540958881378174e+01 7.3903900146484375e+01
  7.5502302169799805e+01 1.2712323141098022e+02</time>
<cumulative_reward>2.5670621001720428e+03</cumulative_reward>
</opencv_storage>
