-<?xml version="1.0"?>
-<opencv_storage>
-<rand_seed>34</rand_seed>
-<map_name>osu_field</map_name>
-<map_height_meters>7.9927389377198509e+01</map_height_meters>
-<map_width_meters>1.9970049805808733e+02</map_width_meters>
-<n_nodes>100</n_nodes>
-<node0>
-  -5. -5. 0. 0. 0. -1. 0. 0. 0. 0. 0. 0. 0. 7.2898337837726963e+00
-  1.9706668498323612e+02 4.3087355481967030e+01 0. 100.</node0>
-<node1>
-  5. 5. 1. 0. 0. -1. 0. 0. 0. 0. 0. 0. 1. 1.7360210510371351e+02
-  2.2886570688749931e+01 5.8057089931358156e+01 0. 100.</node1>
-<node2>
-  -5. 5. 2. 0. 0. -1. 0. 0. 0. 0. 0. 0. 0. 7.2898337837726963e+00
-  1.9706668498323612e+02 4.3087355481967030e+01 0. 100.</node2>
-<node3>
-  5. -5. 3. 0. 0. -1. 0. 0. 0. 0. 0. 0. 0. 7.2898337837726963e+00
-  1.9706668498323612e+02 4.3087355481967030e+01 0. 100.</node3>
-<node4>
-  0. 5. 4. 0. 0. -1. 0. 0. 0. 0. 0. 0. 0. 7.2898337837726963e+00
-  1.9706668498323612e+02 4.3087355481967030e+01 0. 100.</node4>
-<node5>
-  5. 0. 5. 1. 3.9377492401123629e+02 1. 0. 5.1974302165127328e+03
-  -1.6044442330782383e-02 3.9377492401123629e+02 0. 0. 1.
-  1.7360210510371351e+02 2.2886570688749931e+01 5.8057089931358156e+01
-  0. 100.</node5>
-<node6>
-  0. -5. 6. 0. 0. -1. 0. 0. 0. 0. 0. 0. 0. 7.2898337837726963e+00
-  1.9706668498323612e+02 4.3087355481967030e+01 0. 100.</node6>
-<node7>
-  -5. 0. 7. 0. 0. -1. 0. 0. 0. 0. 0. 0. 0. 7.2898337837726963e+00
-  1.9706668498323612e+02 4.3087355481967030e+01 0. 100.</node7>
-<node8>
-  6.5076943726407791e+01 1.3989793811920066e+00 8. 0. 0. -1. 0. 0. 0. 0.
-  0. 0. 1. 1.7360210510371351e+02 2.2886570688749931e+01
-  5.8057089931358156e+01 0. 100.</node8>
-<node9>
-  -3.3554755004846726e+00 -1.0244583175631305e-01 9. 0. 0. -1. 0. 0. 0.
-  0. 0. 0. 0. 7.2898337837726963e+00 1.9706668498323612e+02
-  4.3087355481967030e+01 0. 100.</node9>
-<node10>
-  -7.0082928102502109e+01 -1.5870603935732746e+00 10. 1.
-  4.1744288929456394e+02 1. 0. 5.5899807761204711e+03
-  -1.9151735747959350e-02 4.1744288929456394e+02 0. 0. 1.
-  1.7360210510371351e+02 2.2886570688749931e+01 5.8057089931358156e+01
-  0. 100.</node10>
-<node11>
-  -2.2419316493170015e+01 -1.0609403473050051e+01 11. 0. 0. -1. 0. 0. 0.
-  0. 0. 0. 0. 7.2898337837726963e+00 1.9706668498323612e+02
-  4.3087355481967030e+01 0. 100.</node11>
-<node12>
-  -4.9632358333669771e+01 1.0593202666096957e+01 12. 0. 0. -1. 0. 0. 0.
-  0. 0. 0. 0. 7.2898337837726963e+00 1.9706668498323612e+02
-  4.3087355481967030e+01 0. 100.</node12>
-<node13>
-  4.0125503855070775e+01 1.5840447800345935e+01 13. 1.
-  2.1004327231147687e+02 2. 0. 2.7683294412339678e+03 0. 0. 0. 0. 0.
-  7.2898337837726963e+00 1.9706668498323612e+02 4.3087355481967030e+01
-  0. 100.</node13>
-<node14>
-  6.6607670610680998e+01 2.5021084968289870e+01 14. 0. 0. -1. 0. 0. 0.
-  0. 0. 0. 1. 1.7360210510371351e+02 2.2886570688749931e+01
-  5.8057089931358156e+01 0. 100.</node14>
-<node15>
-  -7.6403120895476604e+01 -3.8019371074633312e+00 15. 0. 0. -1. 0. 0. 0.
-  0. 0. 0. 0. 7.2898337837726963e+00 1.9706668498323612e+02
-  4.3087355481967030e+01 0. 100.</node15>
-<node16>
-  -2.3503791148170734e+01 2.8507885214364109e+01 16. 0. 0. -1. 0. 0. 0.
-  0. 0. 0. 0. 7.2898337837726963e+00 1.9706668498323612e+02
-  4.3087355481967030e+01 0. 100.</node16>
-<node17>
-  -1.3876418720128214e+01 -1.5527644118260426e+01 17. 1.
-  4.3407735042610864e+02 2. 0. 4.2064939445277369e+03 0. 0. 0. 0. 1.
-  1.7360210510371351e+02 2.2886570688749931e+01 5.8057089931358156e+01
-  0. 100.</node17>
-<node18>
-  -6.1400988179166333e+01 5.1312767244555459e+00 18. 0. 0. -1. 0. 0. 0.
-  0. 0. 0. 0. 7.2898337837726963e+00 1.9706668498323612e+02
-  4.3087355481967030e+01 0. 100.</node18>
-<node19>
-  5.2768123373188132e+01 1.6119624353069639e+01 19. 0. 0. -1. 0. 0. 0.
-  0. 0. 0. 1. 1.7360210510371351e+02 2.2886570688749931e+01
-  5.8057089931358156e+01 0. 100.</node19>
-<node20>
-  2.4032925937898895e+01 -1.0644501268046206e+01 20. 0. 0. -1. 0. 0. 0.
-  0. 0. 0. 0. 7.2898337837726963e+00 1.9706668498323612e+02
-  4.3087355481967030e+01 0. 100.</node20>
-<node21>
-  4.3209604598399977e+01 -1.1855823970332658e+01 21. 1.
-  3.9156148102205123e+02 2. 0. 5.2249341685279433e+03 0. 0. 0. 0. 1.
-  1.7360210510371351e+02 2.2886570688749931e+01 5.8057089931358156e+01
-  0. 100.</node21>
-<node22>
-  3.5877657817805954e+01 5.6042181538437674e+00 22. 0. 0. -1. 0. 0. 0.
-  0. 0. 0. 0. 7.2898337837726963e+00 1.9706668498323612e+02
-  4.3087355481967030e+01 0. 100.</node22>
-<node23>
-  -3.9565784195794620e+01 1.0338449957751884e+01 23. 1.
-  4.1993710360547345e+02 3. 0. 4.5327849258631404e+03 0. 0.
-  -6.6689973883058315e-05 0. 1. 1.7360210510371351e+02
-  2.2886570688749931e+01 5.8057089931358156e+01 0. 100.</node23>
-<node24>
-  -1.5788602087734546e+01 1.2565628148692497e+01 24. 1.
-  2.1190145787846259e+02 2. 0. 2.3633801260036989e+03 0. 0. 0. 0. 0.
-  7.2898337837726963e+00 1.9706668498323612e+02 4.3087355481967030e+01
-  0. 100.</node24>
-<node25>
-  1.4137916367192716e+01 -1.1474401370004934e+01 25. 1.
-  4.5799440418638090e+02 0. 0. .Inf 0. 0. 0. 0. 1.
-  1.7360210510371351e+02 2.2886570688749931e+01 5.8057089931358156e+01
-  0. 100.</node25>
-<node26>
-  -1.6658329986528656e+01 -9.5341980678654252e+00 26. 1.
-  2.3487867751214719e+02 2. 0. 2.6340689760832556e+03 0. 0. 0. 0. 0.
-  7.2898337837726963e+00 1.9706668498323612e+02 4.3087355481967030e+01
-  0. 100.</node26>
-<node27>
-  -1.9819999009286988e+00 1.1655349453936971e+01 27. 0. 0. -1. 0. 0. 0.
-  0. 0. 0. 0. 7.2898337837726963e+00 1.9706668498323612e+02
-  4.3087355481967030e+01 0. 100.</node27>
-<node28>
-  -2.0252029177105072e+01 2.9366103605258346e+01 28. 0. 0. -1. 0. 0. 0.
-  0. 0. 0. 0. 7.2898337837726963e+00 1.9706668498323612e+02
-  4.3087355481967030e+01 0. 100.</node28>
-<node29>
-  8.5107595518747132e+00 1.5441961864680970e+01 29. 0. 0. -1. 0. 0. 0.
-  0. 0. 0. 1. 1.7360210510371351e+02 2.2886570688749931e+01
-  5.8057089931358156e+01 0. 100.</node29>
-<node30>
-  2.4111189179733017e+01 -2.8386330470622596e+00 30. 0. 0. -1. 0. 0. 0.
-  0. 0. 0. 0. 7.2898337837726963e+00 1.9706668498323612e+02
-  4.3087355481967030e+01 0. 100.</node30>
-<node31>
-  -4.5507114502930605e+01 1.4838410276564971e+01 31. 1.
-  4.1791601528275896e+02 2. 0. 5.0821649139144010e+03 0. 0. 0. 0. 1.
-  1.7360210510371351e+02 2.2886570688749931e+01 5.8057089931358156e+01
-  0. 100.</node31>
-<node32>
-  -5.7193937980753340e+01 2.9775926691934444e+01 32. 1.
-  3.1988573151616458e+02 3. 0. 5.2700097813863604e+03 0. 0.
-  -5.7210908217253056e-06 0. 1. 1.7360210510371351e+02
-  2.2886570688749931e+01 5.8057089931358156e+01 0. 100.</node32>
-<node33>
-  -7.6450336231314736e+01 9.7409630260155424e+00 33. 0. 0. -1. 0. 0. 0.
-  0. 0. 0. 0. 7.2898337837726963e+00 1.9706668498323612e+02
-  4.3087355481967030e+01 0. 100.</node33>
-<node34>
-  6.6056067952167268e+01 2.3750815272774005e+01 34. 1.
-  2.4148423342908126e+02 1. 0. 2.6374600375955242e+03
-  -1.5423252479451786e-02 2.4148423342908126e+02 0. 0. 0.
-  7.2898337837726963e+00 1.9706668498323612e+02 4.3087355481967030e+01
-  0. 100.</node34>
-<node35>
-  -7.0733856082304314e+01 -6.8983825460534405e+00 35. 1.
-  3.8477311116062805e+02 0. 0. .Inf 0. 0. 0. 0. 1.
-  1.7360210510371351e+02 2.2886570688749931e+01 5.8057089931358156e+01
-  0. 100.</node35>
-<node36>
-  2.7570273978249304e+01 1.8978477816553152e+00 36. 0. 0. -1. 0. 0. 0.
-  0. 0. 0. 0. 7.2898337837726963e+00 1.9706668498323612e+02
-  4.3087355481967030e+01 0. 100.</node36>
-<node37>
-  4.1116038823088644e+01 -8.0002443691716678e+00 37. 0. 0. -1. 0. 0. 0.
-  0. 0. 0. 0. 7.2898337837726963e+00 1.9706668498323612e+02
-  4.3087355481967030e+01 0. 100.</node37>
-<node38>
-  3.6042912012172337e+01 -1.1291370098149109e+01 38. 0. 0. -1. 0. 0. 0.
-  0. 0. 0. 1. 1.7360210510371351e+02 2.2886570688749931e+01
-  5.8057089931358156e+01 0. 100.</node38>
-<node39>
-  4.1743938708931154e+01 2.2801038970053682e+01 39. 0. 0. -1. 0. 0. 0.
-  0. 0. 0. 1. 1.7360210510371351e+02 2.2886570688749931e+01
